010101010101011111111
011001010101011111111
010110010101011111111
011010010101011111111
010101100101011111111
011001100101011111111
010110100101011111111
011010100101011111111
010111000101011111111
011011000101011111111
010101011001011111111
011001011001011111111
010110011001011111111
011010011001011111111
010101101001011111111
011001101001011111111
010110101001011111111
011010101001011111111
010111001001011111111
011011001001011111111
010101110001011111111
011001110001011111111
010110110001011111111
011010110001011111111
010111010001011111111
011011010001011111111
010101010110011111111
011001010110011111111
010110010110011111111
011010010110011111111
010101100110011111111
011001100110011111111
010110100110011111111
011010100110011111111
010111000110011111111
011011000110011111111
010101011010011111111
011001011010011111111
010110011010011111111
011010011010011111111
010101101010011111111
011001101010011111111
010110101010011111111
011010101010011111111
010111001010011111111
011011001010011111111
010101110010011111111
011001110010011111111
010110110010011111111
011010110010011111111
010111010010011111111
011011010010011111111
010101011100011111111
011001011100011111111
010110011100011111111
011010011100011111111
010101101100011111111
011001101100011111111
010110101100011111111
011010101100011111111
010111001100011111111
011011001100011111111
010101110100011111111
011001110100011111111
010110110100011111111
011010110100011111111
010111010100011111111
011011010100011111111
010101111000011111111
011001111000011111111
010110111000011111111
011010111000011111111
010111011000011111111
011011011000011111111
010101010101101111111
011001010101101111111
010110010101101111111
011010010101101111111
010101100101101111111
011001100101101111111
010110100101101111111
011010100101101111111
010111000101101111111
011011000101101111111
010101011001101111111
011001011001101111111
010110011001101111111
011010011001101111111
010101101001101111111
011001101001101111111
010110101001101111111
011010101001101111111
010111001001101111111
011011001001101111111
010101110001101111111
011001110001101111111
010110110001101111111
011010110001101111111
010111010001101111111
011011010001101111111
010101010110101111111
011001010110101111111
010110010110101111111
011010010110101111111
010101100110101111111
011001100110101111111
010110100110101111111
011010100110101111111
010111000110101111111
011011000110101111111
010101011010101111111
011001011010101111111
010110011010101111111
011010011010101111111
010101101010101111111
011001101010101111111
010110101010101111111
011010101010101111111
010111001010101111111
011011001010101111111
010101110010101111111
011001110010101111111
010110110010101111111
011010110010101111111
010111010010101111111
011011010010101111111
010101011100101111111
011001011100101111111
010110011100101111111
011010011100101111111
010101101100101111111
011001101100101111111
010110101100101111111
011010101100101111111
010111001100101111111
011011001100101111111
010101110100101111111
011001110100101111111
010110110100101111111
011010110100101111111
010111010100101111111
011011010100101111111
010101111000101111111
011001111000101111111
010110111000101111111
011010111000101111111
010111011000101111111
011011011000101111111
010101010111001111111
011001010111001111111
010110010111001111111
011010010111001111111
010101100111001111111
011001100111001111111
010110100111001111111
011010100111001111111
010111000111001111111
011011000111001111111
010101011011001111111
011001011011001111111
010110011011001111111
011010011011001111111
010101101011001111111
011001101011001111111
010110101011001111111
011010101011001111111
010111001011001111111
011011001011001111111
010101110011001111111
011001110011001111111
010110110011001111111
011010110011001111111
010111010011001111111
011011010011001111111
010101011101001111111
011001011101001111111
010110011101001111111
011010011101001111111
010101101101001111111
011001101101001111111
010110101101001111111
011010101101001111111
010111001101001111111
011011001101001111111
010101110101001111111
011001110101001111111
010110110101001111111
011010110101001111111
010111010101001111111
011011010101001111111
010101111001001111111
011001111001001111111
010110111001001111111
011010111001001111111
010111011001001111111
011011011001001111111
010101011110001111111
011001011110001111111
010110011110001111111
011010011110001111111
010101101110001111111
011001101110001111111
010110101110001111111
011010101110001111111
010111001110001111111
011011001110001111111
010101110110001111111
011001110110001111111
010110110110001111111
011010110110001111111
010111010110001111111
011011010110001111111
010101111010001111111
011001111010001111111
010110111010001111111
011010111010001111111
010111011010001111111
011011011010001111111
010101010101110111111
011001010101110111111
010110010101110111111
011010010101110111111
010101100101110111111
011001100101110111111
010110100101110111111
011010100101110111111
010111000101110111111
011011000101110111111
010101011001110111111
011001011001110111111
010110011001110111111
011010011001110111111
010101101001110111111
011001101001110111111
010110101001110111111
011010101001110111111
010111001001110111111
011011001001110111111
010101110001110111111
011001110001110111111
010110110001110111111
011010110001110111111
010111010001110111111
011011010001110111111
010101010110110111111
011001010110110111111
010110010110110111111
011010010110110111111
010101100110110111111
011001100110110111111
010110100110110111111
011010100110110111111
010111000110110111111
011011000110110111111
010101011010110111111
011001011010110111111
010110011010110111111
011010011010110111111
010101101010110111111
011001101010110111111
010110101010110111111
011010101010110111111
010111001010110111111
011011001010110111111
010101110010110111111
011001110010110111111
010110110010110111111
011010110010110111111
010111010010110111111
011011010010110111111
010101011100110111111
011001011100110111111
010110011100110111111
011010011100110111111
010101101100110111111
011001101100110111111
010110101100110111111
011010101100110111111
010111001100110111111
011011001100110111111
010101110100110111111
011001110100110111111
010110110100110111111
011010110100110111111
010111010100110111111
011011010100110111111
010101111000110111111
011001111000110111111
010110111000110111111
011010111000110111111
010111011000110111111
011011011000110111111
010101010111010111111
011001010111010111111
010110010111010111111
011010010111010111111
010101100111010111111
011001100111010111111
010110100111010111111
011010100111010111111
010111000111010111111
011011000111010111111
010101011011010111111
011001011011010111111
010110011011010111111
011010011011010111111
010101101011010111111
011001101011010111111
010110101011010111111
011010101011010111111
010111001011010111111
011011001011010111111
010101110011010111111
011001110011010111111
010110110011010111111
011010110011010111111
010111010011010111111
011011010011010111111
010101011101010111111
011001011101010111111
010110011101010111111
011010011101010111111
010101101101010111111
011001101101010111111
010110101101010111111
011010101101010111111
010111001101010111111
011011001101010111111
010101110101010111111
011001110101010111111
010110110101010111111
011010110101010111111
010111010101010111111
011011010101010111111
010101111001010111111
011001111001010111111
010110111001010111111
011010111001010111111
010111011001010111111
011011011001010111111
010101011110010111111
011001011110010111111
010110011110010111111
011010011110010111111
010101101110010111111
011001101110010111111
010110101110010111111
011010101110010111111
010111001110010111111
011011001110010111111
010101110110010111111
011001110110010111111
010110110110010111111
011010110110010111111
010111010110010111111
011011010110010111111
010101111010010111111
011001111010010111111
010110111010010111111
011010111010010111111
010111011010010111111
011011011010010111111
010101010111100111111
011001010111100111111
010110010111100111111
011010010111100111111
010101100111100111111
011001100111100111111
010110100111100111111
011010100111100111111
010111000111100111111
011011000111100111111
010101011011100111111
011001011011100111111
010110011011100111111
011010011011100111111
010101101011100111111
011001101011100111111
010110101011100111111
011010101011100111111
010111001011100111111
011011001011100111111
010101110011100111111
011001110011100111111
010110110011100111111
011010110011100111111
010111010011100111111
011011010011100111111
010101011101100111111
011001011101100111111
010110011101100111111
011010011101100111111
010101101101100111111
011001101101100111111
010110101101100111111
011010101101100111111
010111001101100111111
011011001101100111111
010101110101100111111
011001110101100111111
010110110101100111111
011010110101100111111
010111010101100111111
011011010101100111111
010101111001100111111
011001111001100111111
010110111001100111111
011010111001100111111
010111011001100111111
011011011001100111111
010101011110100111111
011001011110100111111
010110011110100111111
011010011110100111111
010101101110100111111
011001101110100111111
010110101110100111111
011010101110100111111
010111001110100111111
011011001110100111111
010101110110100111111
011001110110100111111
010110110110100111111
011010110110100111111
010111010110100111111
011011010110100111111
010101111010100111111
011001111010100111111
010110111010100111111
011010111010100111111
010111011010100111111
011011011010100111111
010101011111000111111
011001011111000111111
010110011111000111111
011010011111000111111
010101101111000111111
011001101111000111111
010110101111000111111
011010101111000111111
010111001111000111111
011011001111000111111
010101110111000111111
011001110111000111111
010110110111000111111
011010110111000111111
010111010111000111111
011011010111000111111
010101111011000111111
011001111011000111111
010110111011000111111
011010111011000111111
010111011011000111111
011011011011000111111
010101010101111011111
011001010101111011111
010110010101111011111
011010010101111011111
010101100101111011111
011001100101111011111
010110100101111011111
011010100101111011111
010111000101111011111
011011000101111011111
010101011001111011111
011001011001111011111
010110011001111011111
011010011001111011111
010101101001111011111
011001101001111011111
010110101001111011111
011010101001111011111
010111001001111011111
011011001001111011111
010101110001111011111
011001110001111011111
010110110001111011111
011010110001111011111
010111010001111011111
011011010001111011111
010101010110111011111
011001010110111011111
010110010110111011111
011010010110111011111
010101100110111011111
011001100110111011111
010110100110111011111
011010100110111011111
010111000110111011111
011011000110111011111
010101011010111011111
011001011010111011111
010110011010111011111
011010011010111011111
010101101010111011111
011001101010111011111
010110101010111011111
011010101010111011111
010111001010111011111
011011001010111011111
010101110010111011111
011001110010111011111
010110110010111011111
011010110010111011111
010111010010111011111
011011010010111011111
010101011100111011111
011001011100111011111
010110011100111011111
011010011100111011111
010101101100111011111
011001101100111011111
010110101100111011111
011010101100111011111
010111001100111011111
011011001100111011111
010101110100111011111
011001110100111011111
010110110100111011111
011010110100111011111
010111010100111011111
011011010100111011111
010101111000111011111
011001111000111011111
010110111000111011111
011010111000111011111
010111011000111011111
011011011000111011111
010101010111011011111
011001010111011011111
010110010111011011111
011010010111011011111
010101100111011011111
011001100111011011111
010110100111011011111
011010100111011011111
010111000111011011111
011011000111011011111
010101011011011011111
011001011011011011111
010110011011011011111
011010011011011011111
010101101011011011111
011001101011011011111
010110101011011011111
011010101011011011111
010111001011011011111
011011001011011011111
010101110011011011111
011001110011011011111
010110110011011011111
011010110011011011111
010111010011011011111
011011010011011011111
010101011101011011111
011001011101011011111
010110011101011011111
011010011101011011111
010101101101011011111
011001101101011011111
010110101101011011111
011010101101011011111
010111001101011011111
011011001101011011111
010101110101011011111
011001110101011011111
010110110101011011111
011010110101011011111
010111010101011011111
011011010101011011111
010101111001011011111
011001111001011011111
010110111001011011111
011010111001011011111
010111011001011011111
011011011001011011111
010101011110011011111
011001011110011011111
010110011110011011111
011010011110011011111
010101101110011011111
011001101110011011111
010110101110011011111
011010101110011011111
010111001110011011111
011011001110011011111
010101110110011011111
011001110110011011111
010110110110011011111
011010110110011011111
010111010110011011111
011011010110011011111
010101111010011011111
011001111010011011111
010110111010011011111
011010111010011011111
010111011010011011111
011011011010011011111
010101010111101011111
011001010111101011111
010110010111101011111
011010010111101011111
010101100111101011111
011001100111101011111
010110100111101011111
011010100111101011111
010111000111101011111
011011000111101011111
010101011011101011111
011001011011101011111
010110011011101011111
011010011011101011111
010101101011101011111
011001101011101011111
010110101011101011111
011010101011101011111
010111001011101011111
011011001011101011111
010101110011101011111
011001110011101011111
010110110011101011111
011010110011101011111
010111010011101011111
011011010011101011111
010101011101101011111
011001011101101011111
010110011101101011111
011010011101101011111
010101101101101011111
011001101101101011111
010110101101101011111
011010101101101011111
010111001101101011111
011011001101101011111
010101110101101011111
011001110101101011111
010110110101101011111
011010110101101011111
010111010101101011111
011011010101101011111
010101111001101011111
011001111001101011111
010110111001101011111
011010111001101011111
010111011001101011111
011011011001101011111
010101011110101011111
011001011110101011111
010110011110101011111
011010011110101011111
010101101110101011111
011001101110101011111
010110101110101011111
011010101110101011111
010111001110101011111
011011001110101011111
010101110110101011111
011001110110101011111
010110110110101011111
011010110110101011111
010111010110101011111
011011010110101011111
010101111010101011111
011001111010101011111
010110111010101011111
011010111010101011111
010111011010101011111
011011011010101011111
010101011111001011111
011001011111001011111
010110011111001011111
011010011111001011111
010101101111001011111
011001101111001011111
010110101111001011111
011010101111001011111
010111001111001011111
011011001111001011111
010101110111001011111
011001110111001011111
010110110111001011111
011010110111001011111
010111010111001011111
011011010111001011111
010101111011001011111
011001111011001011111
010110111011001011111
011010111011001011111
010111011011001011111
011011011011001011111
010101010111110011111
011001010111110011111
010110010111110011111
011010010111110011111
010101100111110011111
011001100111110011111
010110100111110011111
011010100111110011111
010111000111110011111
011011000111110011111
010101011011110011111
011001011011110011111
010110011011110011111
011010011011110011111
010101101011110011111
011001101011110011111
010110101011110011111
011010101011110011111
010111001011110011111
011011001011110011111
010101110011110011111
011001110011110011111
010110110011110011111
011010110011110011111
010111010011110011111
011011010011110011111
010101011101110011111
011001011101110011111
010110011101110011111
011010011101110011111
010101101101110011111
011001101101110011111
010110101101110011111
011010101101110011111
010111001101110011111
011011001101110011111
010101110101110011111
011001110101110011111
010110110101110011111
011010110101110011111
010111010101110011111
011011010101110011111
010101111001110011111
011001111001110011111
010110111001110011111
011010111001110011111
010111011001110011111
011011011001110011111
010101011110110011111
011001011110110011111
010110011110110011111
011010011110110011111
010101101110110011111
011001101110110011111
010110101110110011111
011010101110110011111
010111001110110011111
011011001110110011111
010101110110110011111
011001110110110011111
010110110110110011111
011010110110110011111
010111010110110011111
011011010110110011111
010101111010110011111
011001111010110011111
010110111010110011111
011010111010110011111
010111011010110011111
011011011010110011111
010101011111010011111
011001011111010011111
010110011111010011111
011010011111010011111
010101101111010011111
011001101111010011111
010110101111010011111
011010101111010011111
010111001111010011111
011011001111010011111
010101110111010011111
011001110111010011111
010110110111010011111
011010110111010011111
010111010111010011111
011011010111010011111
010101111011010011111
011001111011010011111
010110111011010011111
011010111011010011111
010111011011010011111
011011011011010011111
010101010101111101111
011001010101111101111
010110010101111101111
011010010101111101111
010101100101111101111
011001100101111101111
010110100101111101111
011010100101111101111
010111000101111101111
011011000101111101111
010101011001111101111
011001011001111101111
010110011001111101111
011010011001111101111
010101101001111101111
011001101001111101111
010110101001111101111
011010101001111101111
010111001001111101111
011011001001111101111
010101110001111101111
011001110001111101111
010110110001111101111
011010110001111101111
010111010001111101111
011011010001111101111
010101010110111101111
011001010110111101111
010110010110111101111
011010010110111101111
010101100110111101111
011001100110111101111
010110100110111101111
011010100110111101111
010111000110111101111
011011000110111101111
010101011010111101111
011001011010111101111
010110011010111101111
011010011010111101111
010101101010111101111
011001101010111101111
010110101010111101111
011010101010111101111
010111001010111101111
011011001010111101111
010101110010111101111
011001110010111101111
010110110010111101111
011010110010111101111
010111010010111101111
011011010010111101111
010101011100111101111
011001011100111101111
010110011100111101111
011010011100111101111
010101101100111101111
011001101100111101111
010110101100111101111
011010101100111101111
010111001100111101111
011011001100111101111
010101110100111101111
011001110100111101111
010110110100111101111
011010110100111101111
010111010100111101111
011011010100111101111
010101111000111101111
011001111000111101111
010110111000111101111
011010111000111101111
010111011000111101111
011011011000111101111
010101010111011101111
011001010111011101111
010110010111011101111
011010010111011101111
010101100111011101111
011001100111011101111
010110100111011101111
011010100111011101111
010111000111011101111
011011000111011101111
010101011011011101111
011001011011011101111
010110011011011101111
011010011011011101111
010101101011011101111
011001101011011101111
010110101011011101111
011010101011011101111
010111001011011101111
011011001011011101111
010101110011011101111
011001110011011101111
010110110011011101111
011010110011011101111
010111010011011101111
011011010011011101111
010101011101011101111
011001011101011101111
010110011101011101111
011010011101011101111
010101101101011101111
011001101101011101111
010110101101011101111
011010101101011101111
010111001101011101111
011011001101011101111
010101110101011101111
011001110101011101111
010110110101011101111
011010110101011101111
010111010101011101111
011011010101011101111
010101111001011101111
011001111001011101111
010110111001011101111
011010111001011101111
010111011001011101111
011011011001011101111
010101011110011101111
011001011110011101111
010110011110011101111
011010011110011101111
010101101110011101111
011001101110011101111
010110101110011101111
011010101110011101111
010111001110011101111
011011001110011101111
010101110110011101111
011001110110011101111
010110110110011101111
011010110110011101111
010111010110011101111
011011010110011101111
010101111010011101111
011001111010011101111
010110111010011101111
011010111010011101111
010111011010011101111
011011011010011101111
010101010111101101111
011001010111101101111
010110010111101101111
011010010111101101111
010101100111101101111
011001100111101101111
010110100111101101111
011010100111101101111
010111000111101101111
011011000111101101111
010101011011101101111
011001011011101101111
010110011011101101111
011010011011101101111
010101101011101101111
011001101011101101111
010110101011101101111
011010101011101101111
010111001011101101111
011011001011101101111
010101110011101101111
011001110011101101111
010110110011101101111
011010110011101101111
010111010011101101111
011011010011101101111
010101011101101101111
011001011101101101111
010110011101101101111
011010011101101101111
010101101101101101111
011001101101101101111
010110101101101101111
011010101101101101111
010111001101101101111
011011001101101101111
010101110101101101111
011001110101101101111
010110110101101101111
011010110101101101111
010111010101101101111
011011010101101101111
010101111001101101111
011001111001101101111
010110111001101101111
011010111001101101111
010111011001101101111
011011011001101101111
010101011110101101111
011001011110101101111
010110011110101101111
011010011110101101111
010101101110101101111
011001101110101101111
010110101110101101111
011010101110101101111
010111001110101101111
011011001110101101111
010101110110101101111
011001110110101101111
010110110110101101111
011010110110101101111
010111010110101101111
011011010110101101111
010101111010101101111
011001111010101101111
010110111010101101111
011010111010101101111
010111011010101101111
011011011010101101111
010101011111001101111
011001011111001101111
010110011111001101111
011010011111001101111
010101101111001101111
011001101111001101111
010110101111001101111
011010101111001101111
010111001111001101111
011011001111001101111
010101110111001101111
011001110111001101111
010110110111001101111
011010110111001101111
010111010111001101111
011011010111001101111
010101111011001101111
011001111011001101111
010110111011001101111
011010111011001101111
010111011011001101111
011011011011001101111
010101010111110101111
011001010111110101111
010110010111110101111
011010010111110101111
010101100111110101111
011001100111110101111
010110100111110101111
011010100111110101111
010111000111110101111
011011000111110101111
010101011011110101111
011001011011110101111
010110011011110101111
011010011011110101111
010101101011110101111
011001101011110101111
010110101011110101111
011010101011110101111
010111001011110101111
011011001011110101111
010101110011110101111
011001110011110101111
010110110011110101111
011010110011110101111
010111010011110101111
011011010011110101111
010101011101110101111
011001011101110101111
010110011101110101111
011010011101110101111
010101101101110101111
011001101101110101111
010110101101110101111
011010101101110101111
010111001101110101111
011011001101110101111
010101110101110101111
011001110101110101111
010110110101110101111
011010110101110101111
010111010101110101111
011011010101110101111
010101111001110101111
011001111001110101111
010110111001110101111
011010111001110101111
010111011001110101111
011011011001110101111
010101011110110101111
011001011110110101111
010110011110110101111
011010011110110101111
010101101110110101111
011001101110110101111
010110101110110101111
011010101110110101111
010111001110110101111
011011001110110101111
010101110110110101111
011001110110110101111
010110110110110101111
011010110110110101111
010111010110110101111
011011010110110101111
010101111010110101111
011001111010110101111
010110111010110101111
011010111010110101111
010111011010110101111
011011011010110101111
010101011111010101111
011001011111010101111
010110011111010101111
011010011111010101111
010101101111010101111
011001101111010101111
010110101111010101111
011010101111010101111
010111001111010101111
011011001111010101111
010101110111010101111
011001110111010101111
010110110111010101111
011010110111010101111
010111010111010101111
011011010111010101111
010101111011010101111
011001111011010101111
010110111011010101111
011010111011010101111
010111011011010101111
011011011011010101111
010101010111111001111
011001010111111001111
010110010111111001111
011010010111111001111
010101100111111001111
011001100111111001111
010110100111111001111
011010100111111001111
010111000111111001111
011011000111111001111
010101011011111001111
011001011011111001111
010110011011111001111
011010011011111001111
010101101011111001111
011001101011111001111
010110101011111001111
011010101011111001111
010111001011111001111
011011001011111001111
010101110011111001111
011001110011111001111
010110110011111001111
011010110011111001111
010111010011111001111
011011010011111001111
010101011101111001111
011001011101111001111
010110011101111001111
011010011101111001111
010101101101111001111
011001101101111001111
010110101101111001111
011010101101111001111
010111001101111001111
011011001101111001111
010101110101111001111
011001110101111001111
010110110101111001111
011010110101111001111
010111010101111001111
011011010101111001111
010101111001111001111
011001111001111001111
010110111001111001111
011010111001111001111
010111011001111001111
011011011001111001111
010101011110111001111
011001011110111001111
010110011110111001111
011010011110111001111
010101101110111001111
011001101110111001111
010110101110111001111
011010101110111001111
010111001110111001111
011011001110111001111
010101110110111001111
011001110110111001111
010110110110111001111
011010110110111001111
010111010110111001111
011011010110111001111
010101111010111001111
011001111010111001111
010110111010111001111
011010111010111001111
010111011010111001111
011011011010111001111
010101011111011001111
011001011111011001111
010110011111011001111
011010011111011001111
010101101111011001111
011001101111011001111
010110101111011001111
011010101111011001111
010111001111011001111
011011001111011001111
010101110111011001111
011001110111011001111
010110110111011001111
011010110111011001111
010111010111011001111
011011010111011001111
010101111011011001111
011001111011011001111
010110111011011001111
011010111011011001111
010111011011011001111
011011011011011001111
010101010101111110111
011001010101111110111
010110010101111110111
011010010101111110111
010101100101111110111
011001100101111110111
010110100101111110111
011010100101111110111
010111000101111110111
011011000101111110111
010101011001111110111
011001011001111110111
010110011001111110111
011010011001111110111
010101101001111110111
011001101001111110111
010110101001111110111
011010101001111110111
010111001001111110111
011011001001111110111
010101110001111110111
011001110001111110111
010110110001111110111
011010110001111110111
010111010001111110111
011011010001111110111
010101010110111110111
011001010110111110111
010110010110111110111
011010010110111110111
010101100110111110111
011001100110111110111
010110100110111110111
011010100110111110111
010111000110111110111
011011000110111110111
010101011010111110111
011001011010111110111
010110011010111110111
011010011010111110111
010101101010111110111
011001101010111110111
010110101010111110111
011010101010111110111
010111001010111110111
011011001010111110111
010101110010111110111
011001110010111110111
010110110010111110111
011010110010111110111
010111010010111110111
011011010010111110111
010101011100111110111
011001011100111110111
010110011100111110111
011010011100111110111
010101101100111110111
011001101100111110111
010110101100111110111
011010101100111110111
010111001100111110111
011011001100111110111
010101110100111110111
011001110100111110111
010110110100111110111
011010110100111110111
010111010100111110111
011011010100111110111
010101111000111110111
011001111000111110111
010110111000111110111
011010111000111110111
010111011000111110111
011011011000111110111
010101010111011110111
011001010111011110111
010110010111011110111
011010010111011110111
010101100111011110111
011001100111011110111
010110100111011110111
011010100111011110111
010111000111011110111
011011000111011110111
010101011011011110111
011001011011011110111
010110011011011110111
011010011011011110111
010101101011011110111
011001101011011110111
010110101011011110111
011010101011011110111
010111001011011110111
011011001011011110111
010101110011011110111
011001110011011110111
010110110011011110111
011010110011011110111
010111010011011110111
011011010011011110111
010101011101011110111
011001011101011110111
010110011101011110111
011010011101011110111
010101101101011110111
011001101101011110111
010110101101011110111
011010101101011110111
010111001101011110111
011011001101011110111
010101110101011110111
011001110101011110111
010110110101011110111
011010110101011110111
010111010101011110111
011011010101011110111
010101111001011110111
011001111001011110111
010110111001011110111
011010111001011110111
010111011001011110111
011011011001011110111
010101011110011110111
011001011110011110111
010110011110011110111
011010011110011110111
010101101110011110111
011001101110011110111
010110101110011110111
011010101110011110111
010111001110011110111
011011001110011110111
010101110110011110111
011001110110011110111
010110110110011110111
011010110110011110111
010111010110011110111
011011010110011110111
010101111010011110111
011001111010011110111
010110111010011110111
011010111010011110111
010111011010011110111
011011011010011110111
010101010111101110111
011001010111101110111
010110010111101110111
011010010111101110111
010101100111101110111
011001100111101110111
010110100111101110111
011010100111101110111
010111000111101110111
011011000111101110111
010101011011101110111
011001011011101110111
010110011011101110111
011010011011101110111
010101101011101110111
011001101011101110111
010110101011101110111
011010101011101110111
010111001011101110111
011011001011101110111
010101110011101110111
011001110011101110111
010110110011101110111
011010110011101110111
010111010011101110111
011011010011101110111
010101011101101110111
011001011101101110111
010110011101101110111
011010011101101110111
010101101101101110111
011001101101101110111
010110101101101110111
011010101101101110111
010111001101101110111
011011001101101110111
010101110101101110111
011001110101101110111
010110110101101110111
011010110101101110111
010111010101101110111
011011010101101110111
010101111001101110111
011001111001101110111
010110111001101110111
011010111001101110111
010111011001101110111
011011011001101110111
010101011110101110111
011001011110101110111
010110011110101110111
011010011110101110111
010101101110101110111
011001101110101110111
010110101110101110111
011010101110101110111
010111001110101110111
011011001110101110111
010101110110101110111
011001110110101110111
010110110110101110111
011010110110101110111
010111010110101110111
011011010110101110111
010101111010101110111
011001111010101110111
010110111010101110111
011010111010101110111
010111011010101110111
011011011010101110111
010101011111001110111
011001011111001110111
010110011111001110111
011010011111001110111
010101101111001110111
011001101111001110111
010110101111001110111
011010101111001110111
010111001111001110111
011011001111001110111
010101110111001110111
011001110111001110111
010110110111001110111
011010110111001110111
010111010111001110111
011011010111001110111
010101111011001110111
011001111011001110111
010110111011001110111
011010111011001110111
010111011011001110111
011011011011001110111
010101010111110110111
011001010111110110111
010110010111110110111
011010010111110110111
010101100111110110111
011001100111110110111
010110100111110110111
011010100111110110111
010111000111110110111
011011000111110110111
010101011011110110111
011001011011110110111
010110011011110110111
011010011011110110111
010101101011110110111
011001101011110110111
010110101011110110111
011010101011110110111
010111001011110110111
011011001011110110111
010101110011110110111
011001110011110110111
010110110011110110111
011010110011110110111
010111010011110110111
011011010011110110111
010101011101110110111
011001011101110110111
010110011101110110111
011010011101110110111
010101101101110110111
011001101101110110111
010110101101110110111
011010101101110110111
010111001101110110111
011011001101110110111
010101110101110110111
011001110101110110111
010110110101110110111
011010110101110110111
010111010101110110111
011011010101110110111
010101111001110110111
011001111001110110111
010110111001110110111
011010111001110110111
010111011001110110111
011011011001110110111
010101011110110110111
011001011110110110111
010110011110110110111
011010011110110110111
010101101110110110111
011001101110110110111
010110101110110110111
011010101110110110111
010111001110110110111
011011001110110110111
010101110110110110111
011001110110110110111
010110110110110110111
011010110110110110111
010111010110110110111
011011010110110110111
010101111010110110111
011001111010110110111
010110111010110110111
011010111010110110111
010111011010110110111
011011011010110110111
010101011111010110111
011001011111010110111
010110011111010110111
011010011111010110111
010101101111010110111
011001101111010110111
010110101111010110111
011010101111010110111
010111001111010110111
011011001111010110111
010101110111010110111
011001110111010110111
010110110111010110111
011010110111010110111
010111010111010110111
011011010111010110111
010101111011010110111
011001111011010110111
010110111011010110111
011010111011010110111
010111011011010110111
011011011011010110111
010101010111111010111
011001010111111010111
010110010111111010111
011010010111111010111
010101100111111010111
011001100111111010111
010110100111111010111
011010100111111010111
010111000111111010111
011011000111111010111
010101011011111010111
011001011011111010111
010110011011111010111
011010011011111010111
010101101011111010111
011001101011111010111
010110101011111010111
011010101011111010111
010111001011111010111
011011001011111010111
010101110011111010111
011001110011111010111
010110110011111010111
011010110011111010111
010111010011111010111
011011010011111010111
010101011101111010111
011001011101111010111
010110011101111010111
011010011101111010111
010101101101111010111
011001101101111010111
010110101101111010111
011010101101111010111
010111001101111010111
011011001101111010111
010101110101111010111
011001110101111010111
010110110101111010111
011010110101111010111
010111010101111010111
011011010101111010111
010101111001111010111
011001111001111010111
010110111001111010111
011010111001111010111
010111011001111010111
011011011001111010111
010101011110111010111
011001011110111010111
010110011110111010111
011010011110111010111
010101101110111010111
011001101110111010111
010110101110111010111
011010101110111010111
010111001110111010111
011011001110111010111
010101110110111010111
011001110110111010111
010110110110111010111
011010110110111010111
010111010110111010111
011011010110111010111
010101111010111010111
011001111010111010111
010110111010111010111
011010111010111010111
010111011010111010111
011011011010111010111
