101011011111100101101
101101011111100101101
110101011111100101101
111001011111100101101
101110011111100101101
110110011111100101101
111010011111100101101
101011101111100101101
101101101111100101101
110101101111100101101
111001101111100101101
101110101111100101101
110110101111100101101
111010101111100101101
111100101111100101101
101111001111100101101
110111001111100101101
111011001111100101101
111101001111100101101
101011110111100101101
101101110111100101101
110101110111100101101
111001110111100101101
101110110111100101101
110110110111100101101
111010110111100101101
111100110111100101101
101111010111100101101
110111010111100101101
111011010111100101101
111101010111100101101
111110010111100101101
101111100111100101101
110111100111100101101
111011100111100101101
111101100111100101101
111110100111100101101
101011111011100101101
101101111011100101101
110101111011100101101
111001111011100101101
101110111011100101101
110110111011100101101
111010111011100101101
111100111011100101101
101111011011100101101
110111011011100101101
111011011011100101101
111101011011100101101
101111101011100101101
110111101011100101101
111011101011100101101
111101101011100101101
111110101011100101101
101111110011100101101
110111110011100101101
111011110011100101101
111101110011100101101
111110110011100101101
101011111101100101101
101101111101100101101
110101111101100101101
111001111101100101101
101110111101100101101
110110111101100101101
111010111101100101101
111100111101100101101
101111011101100101101
110111011101100101101
111011011101100101101
111101011101100101101
101111101101100101101
110111101101100101101
111011101101100101101
111101101101100101101
101111110101100101101
110111110101100101101
111011110101100101101
111101110101100101101
101010110111111001101
101011010111111001101
101101010111111001101
110101010111111001101
111001010111111001101
101110010111111001101
110110010111111001101
111010010111111001101
101011100111111001101
101101100111111001101
110101100111111001101
101110100111111001101
110110100111111001101
111010100111111001101
101010111011111001101
101011011011111001101
101101011011111001101
110101011011111001101
111001011011111001101
101110011011111001101
110110011011111001101
111010011011111001101
101011101011111001101
101101101011111001101
110101101011111001101
111001101011111001101
101110101011111001101
110110101011111001101
111010101011111001101
111100101011111001101
101111001011111001101
110111001011111001101
111011001011111001101
111101001011111001101
101011110011111001101
101101110011111001101
110101110011111001101
101110110011111001101
110110110011111001101
111010110011111001101
101111010011111001101
110111010011111001101
111011010011111001101
111101010011111001101
101010111101111001101
101011011101111001101
101101011101111001101
110101011101111001101
111001011101111001101
101110011101111001101
110110011101111001101
111010011101111001101
101011101101111001101
101101101101111001101
110101101101111001101
111001101101111001101
101110101101111001101
110110101101111001101
111010101101111001101
111100101101111001101
101111001101111001101
110111001101111001101
111011001101111001101
111101001101111001101
101011110101111001101
101101110101111001101
110101110101111001101
111001110101111001101
101110110101111001101
110110110101111001101
111010110101111001101
111100110101111001101
101111010101111001101
110111010101111001101
111011010101111001101
111101010101111001101
111110010101111001101
101111100101111001101
110111100101111001101
111011100101111001101
111101100101111001101
111110100101111001101
101011111001111001101
101101111001111001101
110101111001111001101
101110111001111001101
110110111001111001101
111010111001111001101
101111011001111001101
110111011001111001101
111011011001111001101
111101011001111001101
101111101001111001101
110111101001111001101
111011101001111001101
111101101001111001101
111110101001111001101
101010111110111001101
101011011110111001101
101101011110111001101
110101011110111001101
111001011110111001101
101110011110111001101
110110011110111001101
111010011110111001101
101011101110111001101
101101101110111001101
110101101110111001101
111001101110111001101
101110101110111001101
110110101110111001101
111010101110111001101
111100101110111001101
101111001110111001101
110111001110111001101
111011001110111001101
111101001110111001101
101011110110111001101
101101110110111001101
110101110110111001101
111001110110111001101
101110110110111001101
110110110110111001101
111010110110111001101
111100110110111001101
101111010110111001101
110111010110111001101
111011010110111001101
111101010110111001101
111110010110111001101
101111100110111001101
110111100110111001101
111011100110111001101
111101100110111001101
111110100110111001101
101011111010111001101
101101111010111001101
110101111010111001101
111001111010111001101
101110111010111001101
110110111010111001101
111010111010111001101
111100111010111001101
101111011010111001101
110111011010111001101
111011011010111001101
111101011010111001101
111110011010111001101
101111101010111001101
110111101010111001101
111011101010111001101
111101101010111001101
111110101010111001101
101111110010111001101
110111110010111001101
111011110010111001101
111101110010111001101
111110110010111001101
101011111100111001101
101101111100111001101
110101111100111001101
101110111100111001101
110110111100111001101
111010111100111001101
101111011100111001101
110111011100111001101
111011011100111001101
111101011100111001101
101111101100111001101
110111101100111001101
111011101100111001101
111101101100111001101
111110101100111001101
101111110100111001101
110111110100111001101
111011110100111001101
111101110100111001101
111110110100111001101
101010111111011001101
101011011111011001101
101101011111011001101
110101011111011001101
111001011111011001101
101110011111011001101
110110011111011001101
111010011111011001101
101011101111011001101
101101101111011001101
110101101111011001101
111001101111011001101
101110101111011001101
110110101111011001101
111010101111011001101
111100101111011001101
101111001111011001101
110111001111011001101
111011001111011001101
111101001111011001101
101011110111011001101
101101110111011001101
110101110111011001101
111001110111011001101
101110110111011001101
110110110111011001101
111010110111011001101
111100110111011001101
101111010111011001101
110111010111011001101
111011010111011001101
111101010111011001101
111110010111011001101
101111100111011001101
110111100111011001101
111011100111011001101
111101100111011001101
111110100111011001101
101011111011011001101
101101111011011001101
110101111011011001101
111001111011011001101
101110111011011001101
110110111011011001101
111010111011011001101
111100111011011001101
101111011011011001101
110111011011011001101
111011011011011001101
111101011011011001101
111110011011011001101
101111101011011001101
110111101011011001101
111011101011011001101
111101101011011001101
111110101011011001101
101111110011011001101
110111110011011001101
111011110011011001101
111101110011011001101
111110110011011001101
101011111101011001101
101101111101011001101
110101111101011001101
111001111101011001101
101110111101011001101
110110111101011001101
111010111101011001101
111100111101011001101
101111011101011001101
110111011101011001101
111011011101011001101
111101011101011001101
111110011101011001101
101111101101011001101
110111101101011001101
111011101101011001101
111101101101011001101
111110101101011001101
101111110101011001101
110111110101011001101
111011110101011001101
111101110101011001101
111110110101011001101
101111111001011001101
110111111001011001101
111011111001011001101
111101111001011001101
111110111001011001101
101011111110011001101
101101111110011001101
110101111110011001101
101110111110011001101
110110111110011001101
111010111110011001101
101111011110011001101
110111011110011001101
111011011110011001101
111101011110011001101
101111101110011001101
110111101110011001101
111011101110011001101
111101101110011001101
111110101110011001101
101111110110011001101
110111110110011001101
111011110110011001101
111101110110011001101
111110110110011001101
101111111010011001101
110111111010011001101
111011111010011001101
111101111010011001101
111110111010011001101
101010111111101001101
101011011111101001101
101101011111101001101
110101011111101001101
111001011111101001101
101110011111101001101
110110011111101001101
111010011111101001101
101011101111101001101
101101101111101001101
110101101111101001101
111001101111101001101
101110101111101001101
110110101111101001101
111010101111101001101
111100101111101001101
101111001111101001101
110111001111101001101
111011001111101001101
111101001111101001101
101011110111101001101
101101110111101001101
110101110111101001101
111001110111101001101
101110110111101001101
110110110111101001101
111010110111101001101
111100110111101001101
101111010111101001101
110111010111101001101
111011010111101001101
111101010111101001101
111110010111101001101
101111100111101001101
110111100111101001101
111011100111101001101
111101100111101001101
111110100111101001101
101011111011101001101
101101111011101001101
110101111011101001101
111001111011101001101
101110111011101001101
110110111011101001101
111010111011101001101
111100111011101001101
101111011011101001101
110111011011101001101
111011011011101001101
111101011011101001101
111110011011101001101
101111101011101001101
110111101011101001101
111011101011101001101
111101101011101001101
111110101011101001101
101111110011101001101
110111110011101001101
111011110011101001101
111101110011101001101
111110110011101001101
101011111101101001101
101101111101101001101
110101111101101001101
111001111101101001101
101110111101101001101
110110111101101001101
111010111101101001101
111100111101101001101
101111011101101001101
110111011101101001101
111011011101101001101
111101011101101001101
111110011101101001101
101111101101101001101
110111101101101001101
111011101101101001101
111101101101101001101
111110101101101001101
101111110101101001101
110111110101101001101
111011110101101001101
111101110101101001101
111110110101101001101
101111111001101001101
110111111001101001101
111011111001101001101
111101111001101001101
111110111001101001101
101011111110101001101
101101111110101001101
110101111110101001101
111001111110101001101
101110111110101001101
110110111110101001101
111010111110101001101
111100111110101001101
101111011110101001101
110111011110101001101
111011011110101001101
111101011110101001101
111110011110101001101
101111101110101001101
110111101110101001101
111011101110101001101
111101101110101001101
111110101110101001101
101111110110101001101
110111110110101001101
111011110110101001101
111101110110101001101
111110110110101001101
101111111010101001101
110111111010101001101
111011111010101001101
111101111010101001101
111110111010101001101
101011111111001001101
101101111111001001101
110101111111001001101
101110111111001001101
110110111111001001101
111010111111001001101
101111011111001001101
110111011111001001101
111011011111001001101
111101011111001001101
101111101111001001101
110111101111001001101
111011101111001001101
111101101111001001101
111110101111001001101
101111110111001001101
110111110111001001101
111011110111001001101
111101110111001001101
111110110111001001101
101111111011001001101
110111111011001001101
111011111011001001101
111101111011001001101
111110111011001001101
101011011111110001101
101101011111110001101
110101011111110001101
111001011111110001101
101110011111110001101
110110011111110001101
111010011111110001101
101011101111110001101
101101101111110001101
110101101111110001101
111001101111110001101
101110101111110001101
110110101111110001101
111010101111110001101
111100101111110001101
101111001111110001101
110111001111110001101
111011001111110001101
111101001111110001101
101011110111110001101
101101110111110001101
110101110111110001101
111001110111110001101
101110110111110001101
110110110111110001101
111010110111110001101
111100110111110001101
101111010111110001101
110111010111110001101
111011010111110001101
111101010111110001101
111110010111110001101
101111100111110001101
110111100111110001101
111011100111110001101
111101100111110001101
111110100111110001101
101011111011110001101
101101111011110001101
110101111011110001101
111001111011110001101
101110111011110001101
110110111011110001101
111010111011110001101
111100111011110001101
101111011011110001101
110111011011110001101
111011011011110001101
111101011011110001101
111110011011110001101
101111101011110001101
110111101011110001101
111011101011110001101
111101101011110001101
111110101011110001101
101111110011110001101
110111110011110001101
111011110011110001101
111101110011110001101
111110110011110001101
101011111101110001101
101101111101110001101
110101111101110001101
111001111101110001101
101110111101110001101
110110111101110001101
111010111101110001101
111100111101110001101
101111011101110001101
110111011101110001101
111011011101110001101
111101011101110001101
111110011101110001101
101111101101110001101
110111101101110001101
111011101101110001101
111101101101110001101
111110101101110001101
101111110101110001101
110111110101110001101
111011110101110001101
111101110101110001101
111110110101110001101
101111111001110001101
110111111001110001101
111011111001110001101
111101111001110001101
111110111001110001101
101011111110110001101
101101111110110001101
110101111110110001101
111001111110110001101
101110111110110001101
110110111110110001101
111010111110110001101
111100111110110001101
101111011110110001101
110111011110110001101
111011011110110001101
111101011110110001101
111110011110110001101
101111101110110001101
110111101110110001101
111011101110110001101
111101101110110001101
111110101110110001101
101111110110110001101
110111110110110001101
111011110110110001101
111101110110110001101
111110110110110001101
101111111010110001101
110111111010110001101
111011111010110001101
111101111010110001101
111110111010110001101
101011111111010001101
101101111111010001101
110101111111010001101
101110111111010001101
110110111111010001101
111010111111010001101
101111011111010001101
110111011111010001101
111011011111010001101
111101011111010001101
101111101111010001101
110111101111010001101
111011101111010001101
111101101111010001101
111110101111010001101
101111110111010001101
110111110111010001101
111011110111010001101
111101110111010001101
111110110111010001101
101111111011010001101
110111111011010001101
111011111011010001101
111101111011010001101
111110111011010001101
101010110110111110101
101011010110111110101
101101010110111110101
110101010110111110101
111001010110111110101
101110010110111110101
110110010110111110101
111010010110111110101
101011100110111110101
101101100110111110101
110101100110111110101
101110100110111110101
110110100110111110101
111010100110111110101
101010111010111110101
101011011010111110101
101101011010111110101
110101011010111110101
111001011010111110101
101110011010111110101
110110011010111110101
111010011010111110101
101011101010111110101
101101101010111110101
110101101010111110101
111001101010111110101
101110101010111110101
110110101010111110101
111010101010111110101
101111001010111110101
110111001010111110101
111011001010111110101
101011110010111110101
101101110010111110101
110101110010111110101
111001110010111110101
101110110010111110101
110110110010111110101
111010110010111110101
101111010010111110101
110111010010111110101
111011010010111110101
101111100010111110101
110111100010111110101
111011100010111110101
101010111100111110101
101011011100111110101
101101011100111110101
110101011100111110101
111001011100111110101
101110011100111110101
110110011100111110101
111010011100111110101
101011101100111110101
101101101100111110101
110101101100111110101
111001101100111110101
101110101100111110101
110110101100111110101
111010101100111110101
101111001100111110101
110111001100111110101
111011001100111110101
101011110100111110101
101101110100111110101
110101110100111110101
111001110100111110101
101110110100111110101
110110110100111110101
111010110100111110101
101111010100111110101
110111010100111110101
111011010100111110101
101111100100111110101
110111100100111110101
111011100100111110101
101011111000111110101
101101111000111110101
110101111000111110101
101110111000111110101
110110111000111110101
111010111000111110101
101111011000111110101
110111011000111110101
111011011000111110101
101111101000111110101
110111101000111110101
111011101000111110101
101010110111011110101
101011010111011110101
101101010111011110101
110101010111011110101
111001010111011110101
101110010111011110101
110110010111011110101
111010010111011110101
101011100111011110101
101101100111011110101
110101100111011110101
101110100111011110101
110110100111011110101
111010100111011110101
101010111011011110101
101011011011011110101
101101011011011110101
110101011011011110101
111001011011011110101
101110011011011110101
110110011011011110101
111010011011011110101
101011101011011110101
101101101011011110101
110101101011011110101
111001101011011110101
101110101011011110101
110110101011011110101
111010101011011110101
111100101011011110101
101111001011011110101
110111001011011110101
111011001011011110101
111101001011011110101
101011110011011110101
101101110011011110101
110101110011011110101
111001110011011110101
101110110011011110101
110110110011011110101
111010110011011110101
101111010011011110101
110111010011011110101
111011010011011110101
111101010011011110101
101111100011011110101
110111100011011110101
111011100011011110101
101010111101011110101
101011011101011110101
101101011101011110101
110101011101011110101
111001011101011110101
101110011101011110101
110110011101011110101
111010011101011110101
101011101101011110101
101101101101011110101
110101101101011110101
111001101101011110101
101110101101011110101
110110101101011110101
111010101101011110101
111100101101011110101
101111001101011110101
110111001101011110101
111011001101011110101
111101001101011110101
101011110101011110101
101101110101011110101
110101110101011110101
111001110101011110101
101110110101011110101
110110110101011110101
111010110101011110101
111100110101011110101
101111010101011110101
110111010101011110101
111011010101011110101
111101010101011110101
101111100101011110101
110111100101011110101
111011100101011110101
111101100101011110101
101011111001011110101
101101111001011110101
110101111001011110101
111001111001011110101
101110111001011110101
110110111001011110101
111010111001011110101
111100111001011110101
101111011001011110101
110111011001011110101
111011011001011110101
111101011001011110101
101111101001011110101
110111101001011110101
111011101001011110101
111101101001011110101
101111110001011110101
110111110001011110101
111011110001011110101
111101110001011110101
101010111110011110101
101011011110011110101
101101011110011110101
110101011110011110101
111001011110011110101
101110011110011110101
110110011110011110101
111010011110011110101
101011101110011110101
101101101110011110101
110101101110011110101
111001101110011110101
101110101110011110101
110110101110011110101
111010101110011110101
111100101110011110101
101111001110011110101
110111001110011110101
111011001110011110101
111101001110011110101
101011110110011110101
101101110110011110101
110101110110011110101
111001110110011110101
101110110110011110101
110110110110011110101
111010110110011110101
111100110110011110101
101111010110011110101
110111010110011110101
111011010110011110101
111101010110011110101
101111100110011110101
110111100110011110101
111011100110011110101
111101100110011110101
101011111010011110101
101101111010011110101
110101111010011110101
111001111010011110101
101110111010011110101
110110111010011110101
111010111010011110101
111100111010011110101
101111011010011110101
110111011010011110101
111011011010011110101
111101011010011110101
101111101010011110101
110111101010011110101
111011101010011110101
111101101010011110101
101111110010011110101
110111110010011110101
111011110010011110101
111101110010011110101
101011111100011110101
101101111100011110101
110101111100011110101
101110111100011110101
110110111100011110101
111010111100011110101
101111011100011110101
110111011100011110101
111011011100011110101
111101011100011110101
101111101100011110101
110111101100011110101
111011101100011110101
111101101100011110101
101111110100011110101
110111110100011110101
111011110100011110101
111101110100011110101
101010110111101110101
101011010111101110101
101101010111101110101
110101010111101110101
111001010111101110101
101110010111101110101
110110010111101110101
111010010111101110101
101011100111101110101
101101100111101110101
110101100111101110101
101110100111101110101
110110100111101110101
111010100111101110101
101010111011101110101
101011011011101110101
101101011011101110101
110101011011101110101
111001011011101110101
101110011011101110101
110110011011101110101
111010011011101110101
101011101011101110101
101101101011101110101
110101101011101110101
111001101011101110101
101110101011101110101
110110101011101110101
111010101011101110101
111100101011101110101
101111001011101110101
110111001011101110101
111011001011101110101
111101001011101110101
101011110011101110101
101101110011101110101
110101110011101110101
111001110011101110101
101110110011101110101
110110110011101110101
111010110011101110101
101111010011101110101
110111010011101110101
111011010011101110101
111101010011101110101
101111100011101110101
110111100011101110101
111011100011101110101
101010111101101110101
101011011101101110101
101101011101101110101
110101011101101110101
111001011101101110101
101110011101101110101
110110011101101110101
111010011101101110101
101011101101101110101
101101101101101110101
110101101101101110101
111001101101101110101
101110101101101110101
110110101101101110101
111010101101101110101
111100101101101110101
101111001101101110101
110111001101101110101
111011001101101110101
111101001101101110101
101011110101101110101
101101110101101110101
110101110101101110101
111001110101101110101
101110110101101110101
110110110101101110101
111010110101101110101
111100110101101110101
101111010101101110101
110111010101101110101
111011010101101110101
111101010101101110101
111110010101101110101
101111100101101110101
110111100101101110101
111011100101101110101
111101100101101110101
111110100101101110101
101011111001101110101
101101111001101110101
110101111001101110101
111001111001101110101
101110111001101110101
110110111001101110101
111010111001101110101
111100111001101110101
101111011001101110101
110111011001101110101
111011011001101110101
111101011001101110101
101111101001101110101
110111101001101110101
111011101001101110101
111101101001101110101
111110101001101110101
101111110001101110101
110111110001101110101
111011110001101110101
111101110001101110101
101010111110101110101
101011011110101110101
101101011110101110101
110101011110101110101
111001011110101110101
101110011110101110101
110110011110101110101
111010011110101110101
101011101110101110101
101101101110101110101
110101101110101110101
111001101110101110101
101110101110101110101
110110101110101110101
111010101110101110101
111100101110101110101
101111001110101110101
110111001110101110101
111011001110101110101
111101001110101110101
101011110110101110101
101101110110101110101
110101110110101110101
111001110110101110101
101110110110101110101
110110110110101110101
111010110110101110101
111100110110101110101
101111010110101110101
110111010110101110101
111011010110101110101
111101010110101110101
111110010110101110101
101111100110101110101
110111100110101110101
111011100110101110101
111101100110101110101
111110100110101110101
101011111010101110101
101101111010101110101
110101111010101110101
111001111010101110101
101110111010101110101
110110111010101110101
111010111010101110101
111100111010101110101
101111011010101110101
110111011010101110101
111011011010101110101
111101011010101110101
111110011010101110101
101111101010101110101
110111101010101110101
111011101010101110101
111101101010101110101
111110101010101110101
101111110010101110101
110111110010101110101
111011110010101110101
111101110010101110101
111110110010101110101
101011111100101110101
101101111100101110101
110101111100101110101
111001111100101110101
101110111100101110101
110110111100101110101
111010111100101110101
111100111100101110101
101111011100101110101
110111011100101110101
111011011100101110101
111101011100101110101
111110011100101110101
101111101100101110101
110111101100101110101
111011101100101110101
111101101100101110101
111110101100101110101
101111110100101110101
110111110100101110101
111011110100101110101
111101110100101110101
111110110100101110101
101111111000101110101
110111111000101110101
111011111000101110101
111101111000101110101
111110111000101110101
101010111111001110101
101011011111001110101
101101011111001110101
110101011111001110101
111001011111001110101
101110011111001110101
110110011111001110101
111010011111001110101
101011101111001110101
101101101111001110101
110101101111001110101
111001101111001110101
101110101111001110101
110110101111001110101
111010101111001110101
111100101111001110101
101111001111001110101
110111001111001110101
111011001111001110101
111101001111001110101
101011110111001110101
101101110111001110101
110101110111001110101
111001110111001110101
101110110111001110101
110110110111001110101
111010110111001110101
111100110111001110101
101111010111001110101
110111010111001110101
111011010111001110101
111101010111001110101
111110010111001110101
101111100111001110101
110111100111001110101
111011100111001110101
111101100111001110101
111110100111001110101
101011111011001110101
101101111011001110101
110101111011001110101
111001111011001110101
101110111011001110101
110110111011001110101
111010111011001110101
111100111011001110101
101111011011001110101
110111011011001110101
111011011011001110101
111101011011001110101
111110011011001110101
101111101011001110101
110111101011001110101
111011101011001110101
111101101011001110101
111110101011001110101
101111110011001110101
110111110011001110101
111011110011001110101
111101110011001110101
111110110011001110101
101011111101001110101
101101111101001110101
110101111101001110101
111001111101001110101
101110111101001110101
110110111101001110101
111010111101001110101
111100111101001110101
101111011101001110101
110111011101001110101
111011011101001110101
111101011101001110101
111110011101001110101
101111101101001110101
110111101101001110101
111011101101001110101
111101101101001110101
111110101101001110101
101111110101001110101
110111110101001110101
111011110101001110101
111101110101001110101
111110110101001110101
101111111001001110101
110111111001001110101
111011111001001110101
111101111001001110101
111110111001001110101
101011111110001110101
101101111110001110101
110101111110001110101
101110111110001110101
110110111110001110101
111010111110001110101
101111011110001110101
110111011110001110101
111011011110001110101
111101011110001110101
101111101110001110101
110111101110001110101
111011101110001110101
111101101110001110101
111110101110001110101
101111110110001110101
110111110110001110101
111011110110001110101
111101110110001110101
111110110110001110101
101111111010001110101
110111111010001110101
111011111010001110101
111101111010001110101
111110111010001110101
101010110111110110101
101011010111110110101
101101010111110110101
110101010111110110101
111001010111110110101
101110010111110110101
110110010111110110101
111010010111110110101
101011100111110110101
101101100111110110101
110101100111110110101
101110100111110110101
110110100111110110101
111010100111110110101
101010111011110110101
101011011011110110101
101101011011110110101
110101011011110110101
111001011011110110101
101110011011110110101
110110011011110110101
111010011011110110101
101011101011110110101
101101101011110110101
110101101011110110101
111001101011110110101
101110101011110110101
110110101011110110101
111010101011110110101
111100101011110110101
101111001011110110101
110111001011110110101
111011001011110110101
111101001011110110101
101011110011110110101
101101110011110110101
110101110011110110101
111001110011110110101
101110110011110110101
110110110011110110101
111010110011110110101
101111010011110110101
110111010011110110101
111011010011110110101
111101010011110110101
101111100011110110101
110111100011110110101
111011100011110110101
101010111101110110101
101011011101110110101
101101011101110110101
110101011101110110101
111001011101110110101
101110011101110110101
110110011101110110101
111010011101110110101
101011101101110110101
101101101101110110101
110101101101110110101
111001101101110110101
101110101101110110101
110110101101110110101
111010101101110110101
111100101101110110101
101111001101110110101
110111001101110110101
111011001101110110101
111101001101110110101
101011110101110110101
101101110101110110101
110101110101110110101
111001110101110110101
101110110101110110101
110110110101110110101
111010110101110110101
111100110101110110101
101111010101110110101
110111010101110110101
111011010101110110101
111101010101110110101
111110010101110110101
101111100101110110101
110111100101110110101
111011100101110110101
111101100101110110101
111110100101110110101
101011111001110110101
101101111001110110101
110101111001110110101
111001111001110110101
101110111001110110101
110110111001110110101
111010111001110110101
111100111001110110101
101111011001110110101
110111011001110110101
111011011001110110101
111101011001110110101
101111101001110110101
110111101001110110101
111011101001110110101
111101101001110110101
111110101001110110101
101111110001110110101
110111110001110110101
111011110001110110101
111101110001110110101
101010111110110110101
101011011110110110101
101101011110110110101
110101011110110110101
111001011110110110101
101110011110110110101
110110011110110110101
111010011110110110101
101011101110110110101
101101101110110110101
110101101110110110101
111001101110110110101
101110101110110110101
110110101110110110101
111010101110110110101
111100101110110110101
101111001110110110101
110111001110110110101
111011001110110110101
111101001110110110101
101011110110110110101
101101110110110110101
110101110110110110101
111001110110110110101
101110110110110110101
110110110110110110101
111010110110110110101
111100110110110110101
101111010110110110101
110111010110110110101
111011010110110110101
111101010110110110101
111110010110110110101
101111100110110110101
110111100110110110101
111011100110110110101
111101100110110110101
111110100110110110101
101011111010110110101
101101111010110110101
110101111010110110101
111001111010110110101
101110111010110110101
110110111010110110101
111010111010110110101
111100111010110110101
101111011010110110101
110111011010110110101
111011011010110110101
111101011010110110101
111110011010110110101
101111101010110110101
110111101010110110101
111011101010110110101
111101101010110110101
111110101010110110101
101111110010110110101
110111110010110110101
111011110010110110101
111101110010110110101
111110110010110110101
101011111100110110101
101101111100110110101
110101111100110110101
111001111100110110101
101110111100110110101
110110111100110110101
111010111100110110101
111100111100110110101
101111011100110110101
110111011100110110101
111011011100110110101
111101011100110110101
111110011100110110101
101111101100110110101
110111101100110110101
111011101100110110101
111101101100110110101
111110101100110110101
101111110100110110101
110111110100110110101
111011110100110110101
111101110100110110101
111110110100110110101
101111111000110110101
110111111000110110101
111011111000110110101
111101111000110110101
111110111000110110101
101010111111010110101
101011011111010110101
101101011111010110101
110101011111010110101
111001011111010110101
101110011111010110101
110110011111010110101
111010011111010110101
101011101111010110101
101101101111010110101
110101101111010110101
111001101111010110101
101110101111010110101
110110101111010110101
111010101111010110101
111100101111010110101
101111001111010110101
110111001111010110101
111011001111010110101
111101001111010110101
101011110111010110101
101101110111010110101
110101110111010110101
111001110111010110101
101110110111010110101
110110110111010110101
111010110111010110101
111100110111010110101
101111010111010110101
110111010111010110101
111011010111010110101
111101010111010110101
111110010111010110101
101111100111010110101
110111100111010110101
111011100111010110101
111101100111010110101
111110100111010110101
101011111011010110101
101101111011010110101
110101111011010110101
111001111011010110101
101110111011010110101
110110111011010110101
111010111011010110101
111100111011010110101
101111011011010110101
110111011011010110101
111011011011010110101
111101011011010110101
111110011011010110101
101111101011010110101
110111101011010110101
111011101011010110101
111101101011010110101
111110101011010110101
101111110011010110101
110111110011010110101
111011110011010110101
111101110011010110101
111110110011010110101
101011111101010110101
101101111101010110101
110101111101010110101
111001111101010110101
101110111101010110101
110110111101010110101
111010111101010110101
111100111101010110101
101111011101010110101
110111011101010110101
111011011101010110101
111101011101010110101
111110011101010110101
101111101101010110101
110111101101010110101
111011101101010110101
111101101101010110101
111110101101010110101
101111110101010110101
110111110101010110101
111011110101010110101
111101110101010110101
111110110101010110101
101111111001010110101
110111111001010110101
111011111001010110101
111101111001010110101
111110111001010110101
101011111110010110101
101101111110010110101
110101111110010110101
111001111110010110101
101110111110010110101
110110111110010110101
111010111110010110101
111100111110010110101
101111011110010110101
110111011110010110101
111011011110010110101
111101011110010110101
111110011110010110101
101111101110010110101
110111101110010110101
111011101110010110101
111101101110010110101
111110101110010110101
101111110110010110101
110111110110010110101
111011110110010110101
111101110110010110101
111110110110010110101
101111111010010110101
110111111010010110101
111011111010010110101
111101111010010110101
111110111010010110101
101111111100010110101
110111111100010110101
111011111100010110101
111101111100010110101
111110111100010110101
101010111111100110101
101011011111100110101
101101011111100110101
110101011111100110101
111001011111100110101
101110011111100110101
110110011111100110101
111010011111100110101
101011101111100110101
101101101111100110101
110101101111100110101
111001101111100110101
101110101111100110101
110110101111100110101
111010101111100110101
111100101111100110101
101111001111100110101
110111001111100110101
111011001111100110101
111101001111100110101
101011110111100110101
101101110111100110101
110101110111100110101
111001110111100110101
101110110111100110101
110110110111100110101
111010110111100110101
111100110111100110101
101111010111100110101
110111010111100110101
111011010111100110101
111101010111100110101
111110010111100110101
101111100111100110101
110111100111100110101
111011100111100110101
111101100111100110101
111110100111100110101
101011111011100110101
101101111011100110101
110101111011100110101
111001111011100110101
101110111011100110101
110110111011100110101
111010111011100110101
111100111011100110101
101111011011100110101
110111011011100110101
111011011011100110101
111101011011100110101
111110011011100110101
101111101011100110101
110111101011100110101
111011101011100110101
111101101011100110101
111110101011100110101
101111110011100110101
110111110011100110101
111011110011100110101
111101110011100110101
111110110011100110101
101011111101100110101
101101111101100110101
110101111101100110101
111001111101100110101
101110111101100110101
110110111101100110101
111010111101100110101
111100111101100110101
101111011101100110101
110111011101100110101
111011011101100110101
111101011101100110101
111110011101100110101
101111101101100110101
110111101101100110101
111011101101100110101
111101101101100110101
111110101101100110101
101111110101100110101
110111110101100110101
111011110101100110101
111101110101100110101
111110110101100110101
101111111001100110101
110111111001100110101
111011111001100110101
111101111001100110101
111110111001100110101
101011111110100110101
101101111110100110101
110101111110100110101
111001111110100110101
101110111110100110101
110110111110100110101
111010111110100110101
111100111110100110101
101111011110100110101
110111011110100110101
111011011110100110101
111101011110100110101
111110011110100110101
101111101110100110101
110111101110100110101
111011101110100110101
111101101110100110101
111110101110100110101
101111110110100110101
110111110110100110101
111011110110100110101
111101110110100110101
111110110110100110101
101111111010100110101
110111111010100110101
111011111010100110101
111101111010100110101
111110111010100110101
101111111100100110101
110111111100100110101
111011111100100110101
111101111100100110101
111110111100100110101
101011111111000110101
101101111111000110101
110101111111000110101
101110111111000110101
110110111111000110101
111010111111000110101
101111011111000110101
110111011111000110101
111011011111000110101
111101011111000110101
101111101111000110101
110111101111000110101
111011101111000110101
111101101111000110101
111110101111000110101
101111110111000110101
110111110111000110101
111011110111000110101
111101110111000110101
111110110111000110101
101111111011000110101
110111111011000110101
111011111011000110101
111101111011000110101
111110111011000110101
101111111101000110101
110111111101000110101
111011111101000110101
111101111101000110101
111110111101000110101
101010110111111010101
101011010111111010101
101101010111111010101
110101010111111010101
111001010111111010101
101110010111111010101
110110010111111010101
111010010111111010101
101011100111111010101
101101100111111010101
110101100111111010101
101110100111111010101
110110100111111010101
111010100111111010101
101010111011111010101
101011011011111010101
101101011011111010101
110101011011111010101
111001011011111010101
101110011011111010101
110110011011111010101
111010011011111010101
101011101011111010101
101101101011111010101
110101101011111010101
111001101011111010101
101110101011111010101
110110101011111010101
111010101011111010101
111100101011111010101
101111001011111010101
110111001011111010101
111011001011111010101
111101001011111010101
101011110011111010101
101101110011111010101
110101110011111010101
111001110011111010101
101110110011111010101
110110110011111010101
111010110011111010101
101111010011111010101
110111010011111010101
111011010011111010101
111101010011111010101
101111100011111010101
110111100011111010101
111011100011111010101
101010111101111010101
101011011101111010101
101101011101111010101
110101011101111010101
111001011101111010101
101110011101111010101
110110011101111010101
111010011101111010101
101011101101111010101
101101101101111010101
110101101101111010101
111001101101111010101
101110101101111010101
110110101101111010101
111010101101111010101
111100101101111010101
101111001101111010101
110111001101111010101
111011001101111010101
111101001101111010101
101011110101111010101
101101110101111010101
110101110101111010101
111001110101111010101
101110110101111010101
110110110101111010101
111010110101111010101
111100110101111010101
101111010101111010101
110111010101111010101
111011010101111010101
111101010101111010101
111110010101111010101
101111100101111010101
110111100101111010101
111011100101111010101
111101100101111010101
111110100101111010101
101011111001111010101
101101111001111010101
110101111001111010101
111001111001111010101
101110111001111010101
110110111001111010101
111010111001111010101
111100111001111010101
101111011001111010101
110111011001111010101
111011011001111010101
111101011001111010101
101111101001111010101
110111101001111010101
111011101001111010101
111101101001111010101
111110101001111010101
101111110001111010101
110111110001111010101
111011110001111010101
111101110001111010101
101010111110111010101
101011011110111010101
101101011110111010101
110101011110111010101
111001011110111010101
101110011110111010101
110110011110111010101
111010011110111010101
101011101110111010101
101101101110111010101
110101101110111010101
111001101110111010101
101110101110111010101
110110101110111010101
111010101110111010101
111100101110111010101
101111001110111010101
110111001110111010101
111011001110111010101
111101001110111010101
101011110110111010101
101101110110111010101
110101110110111010101
111001110110111010101
101110110110111010101
110110110110111010101
111010110110111010101
111100110110111010101
101111010110111010101
110111010110111010101
111011010110111010101
111101010110111010101
111110010110111010101
101111100110111010101
110111100110111010101
111011100110111010101
111101100110111010101
111110100110111010101
101011111010111010101
101101111010111010101
110101111010111010101
111001111010111010101
101110111010111010101
110110111010111010101
111010111010111010101
111100111010111010101
101111011010111010101
110111011010111010101
111011011010111010101
111101011010111010101
111110011010111010101
101111101010111010101
110111101010111010101
111011101010111010101
111101101010111010101
111110101010111010101
101111110010111010101
110111110010111010101
111011110010111010101
111101110010111010101
111110110010111010101
101011111100111010101
101101111100111010101
110101111100111010101
111001111100111010101
101110111100111010101
110110111100111010101
111010111100111010101
111100111100111010101
101111011100111010101
110111011100111010101
111011011100111010101
111101011100111010101
111110011100111010101
101111101100111010101
110111101100111010101
111011101100111010101
111101101100111010101
111110101100111010101
101111110100111010101
110111110100111010101
111011110100111010101
111101110100111010101
111110110100111010101
101111111000111010101
110111111000111010101
111011111000111010101
111101111000111010101
111110111000111010101
101010111111011010101
101011011111011010101
101101011111011010101
110101011111011010101
111001011111011010101
101110011111011010101
110110011111011010101
111010011111011010101
101011101111011010101
101101101111011010101
110101101111011010101
111001101111011010101
101110101111011010101
110110101111011010101
111010101111011010101
111100101111011010101
101111001111011010101
110111001111011010101
111011001111011010101
111101001111011010101
101011110111011010101
101101110111011010101
110101110111011010101
111001110111011010101
101110110111011010101
110110110111011010101
111010110111011010101
111100110111011010101
101111010111011010101
110111010111011010101
111011010111011010101
111101010111011010101
111110010111011010101
101111100111011010101
110111100111011010101
111011100111011010101
111101100111011010101
111110100111011010101
101011111011011010101
101101111011011010101
110101111011011010101
111001111011011010101
101110111011011010101
110110111011011010101
111010111011011010101
111100111011011010101
101111011011011010101
110111011011011010101
111011011011011010101
111101011011011010101
111110011011011010101
101111101011011010101
110111101011011010101
111011101011011010101
111101101011011010101
111110101011011010101
101111110011011010101
110111110011011010101
111011110011011010101
111101110011011010101
111110110011011010101
101011111101011010101
101101111101011010101
110101111101011010101
111001111101011010101
101110111101011010101
110110111101011010101
111010111101011010101
111100111101011010101
101111011101011010101
110111011101011010101
111011011101011010101
111101011101011010101
111110011101011010101
101111101101011010101
110111101101011010101
111011101101011010101
111101101101011010101
111110101101011010101
101111110101011010101
110111110101011010101
111011110101011010101
111101110101011010101
111110110101011010101
101111111001011010101
110111111001011010101
111011111001011010101
111101111001011010101
111110111001011010101
101011111110011010101
101101111110011010101
110101111110011010101
111001111110011010101
101110111110011010101
110110111110011010101
111010111110011010101
111100111110011010101
101111011110011010101
110111011110011010101
111011011110011010101
111101011110011010101
111110011110011010101
101111101110011010101
110111101110011010101
111011101110011010101
111101101110011010101
111110101110011010101
101111110110011010101
110111110110011010101
111011110110011010101
111101110110011010101
111110110110011010101
101111111010011010101
110111111010011010101
111011111010011010101
111101111010011010101
111110111010011010101
101111111100011010101
110111111100011010101
111011111100011010101
111101111100011010101
111110111100011010101
101010111111101010101
101011011111101010101
101101011111101010101
110101011111101010101
111001011111101010101
101110011111101010101
110110011111101010101
111010011111101010101
101011101111101010101
101101101111101010101
110101101111101010101
111001101111101010101
101110101111101010101
110110101111101010101
111010101111101010101
111100101111101010101
101111001111101010101
110111001111101010101
111011001111101010101
111101001111101010101
101011110111101010101
101101110111101010101
110101110111101010101
111001110111101010101
101110110111101010101
110110110111101010101
111010110111101010101
111100110111101010101
101111010111101010101
110111010111101010101
111011010111101010101
111101010111101010101
111110010111101010101
101111100111101010101
110111100111101010101
111011100111101010101
111101100111101010101
111110100111101010101
101011111011101010101
101101111011101010101
110101111011101010101
111001111011101010101
101110111011101010101
110110111011101010101
111010111011101010101
111100111011101010101
101111011011101010101
110111011011101010101
111011011011101010101
111101011011101010101
111110011011101010101
101111101011101010101
110111101011101010101
111011101011101010101
111101101011101010101
111110101011101010101
101111110011101010101
110111110011101010101
111011110011101010101
111101110011101010101
111110110011101010101
101011111101101010101
101101111101101010101
110101111101101010101
111001111101101010101
101110111101101010101
110110111101101010101
111010111101101010101
111100111101101010101
101111011101101010101
110111011101101010101
111011011101101010101
111101011101101010101
111110011101101010101
101111101101101010101
110111101101101010101
111011101101101010101
111101101101101010101
111110101101101010101
101111110101101010101
110111110101101010101
111011110101101010101
111101110101101010101
111110110101101010101
101111111001101010101
110111111001101010101
111011111001101010101
111101111001101010101
111110111001101010101
101011111110101010101
101101111110101010101
110101111110101010101
111001111110101010101
101110111110101010101
110110111110101010101
111010111110101010101
111100111110101010101
101111011110101010101
110111011110101010101
111011011110101010101
111101011110101010101
111110011110101010101
101111101110101010101
110111101110101010101
111011101110101010101
111101101110101010101
111110101110101010101
101111110110101010101
110111110110101010101
111011110110101010101
111101110110101010101
111110110110101010101
101111111010101010101
110111111010101010101
111011111010101010101
111101111010101010101
111110111010101010101
101111111100101010101
110111111100101010101
111011111100101010101
111101111100101010101
111110111100101010101
101011111111001010101
101101111111001010101
110101111111001010101
111001111111001010101
101110111111001010101
110110111111001010101
111010111111001010101
111100111111001010101
101111011111001010101
110111011111001010101
111011011111001010101
111101011111001010101
111110011111001010101
101111101111001010101
110111101111001010101
111011101111001010101
111101101111001010101
111110101111001010101
101111110111001010101
110111110111001010101
111011110111001010101
111101110111001010101
111110110111001010101
101111111011001010101
110111111011001010101
111011111011001010101
111101111011001010101
111110111011001010101
101111111101001010101
110111111101001010101
111011111101001010101
111101111101001010101
111110111101001010101
101010111111110010101
101011011111110010101
101101011111110010101
110101011111110010101
111001011111110010101
101110011111110010101
110110011111110010101
111010011111110010101
101011101111110010101
101101101111110010101
110101101111110010101
111001101111110010101
101110101111110010101
110110101111110010101
111010101111110010101
111100101111110010101
101111001111110010101
110111001111110010101
111011001111110010101
111101001111110010101
101011110111110010101
101101110111110010101
110101110111110010101
111001110111110010101
101110110111110010101
110110110111110010101
111010110111110010101
111100110111110010101
101111010111110010101
110111010111110010101
111011010111110010101
111101010111110010101
111110010111110010101
101111100111110010101
110111100111110010101
111011100111110010101
111101100111110010101
111110100111110010101
101011111011110010101
101101111011110010101
110101111011110010101
111001111011110010101
101110111011110010101
110110111011110010101
111010111011110010101
111100111011110010101
101111011011110010101
110111011011110010101
111011011011110010101
111101011011110010101
111110011011110010101
101111101011110010101
110111101011110010101
111011101011110010101
111101101011110010101
111110101011110010101
101111110011110010101
110111110011110010101
111011110011110010101
111101110011110010101
111110110011110010101
101011111101110010101
101101111101110010101
110101111101110010101
111001111101110010101
101110111101110010101
110110111101110010101
111010111101110010101
111100111101110010101
101111011101110010101
110111011101110010101
111011011101110010101
111101011101110010101
111110011101110010101
101111101101110010101
110111101101110010101
111011101101110010101
111101101101110010101
111110101101110010101
101111110101110010101
110111110101110010101
111011110101110010101
111101110101110010101
111110110101110010101
101111111001110010101
110111111001110010101
111011111001110010101
111101111001110010101
111110111001110010101
101011111110110010101
101101111110110010101
110101111110110010101
111001111110110010101
101110111110110010101
110110111110110010101
111010111110110010101
111100111110110010101
101111011110110010101
110111011110110010101
111011011110110010101
111101011110110010101
111110011110110010101
101111101110110010101
110111101110110010101
111011101110110010101
111101101110110010101
111110101110110010101
101111110110110010101
110111110110110010101
111011110110110010101
111101110110110010101
111110110110110010101
101111111010110010101
110111111010110010101
111011111010110010101
111101111010110010101
111110111010110010101
101111111100110010101
110111111100110010101
111011111100110010101
111101111100110010101
111110111100110010101
101011111111010010101
101101111111010010101
110101111111010010101
111001111111010010101
101110111111010010101
110110111111010010101
111010111111010010101
111100111111010010101
101111011111010010101
110111011111010010101
111011011111010010101
111101011111010010101
111110011111010010101
101111101111010010101
110111101111010010101
111011101111010010101
111101101111010010101
111110101111010010101
101111110111010010101
110111110111010010101
111011110111010010101
111101110111010010101
111110110111010010101
101111111011010010101
110111111011010010101
111011111011010010101
111101111011010010101
111110111011010010101
101111111101010010101
110111111101010010101
111011111101010010101
111101111101010010101
111110111101010010101
101011111111100010101
101101111111100010101
110101111111100010101
101110111111100010101
110110111111100010101
111010111111100010101
101111011111100010101
110111011111100010101
111011011111100010101
111101011111100010101
101111101111100010101
110111101111100010101
111011101111100010101
111101101111100010101
111110101111100010101
101111110111100010101
110111110111100010101
111011110111100010101
111101110111100010101
111110110111100010101
101111111011100010101
110111111011100010101
111011111011100010101
111101111011100010101
111110111011100010101
101111111101100010101
110111111101100010101
111011111101100010101
111101111101100010101
111110111101100010101
101010110111111100101
101011010111111100101
101101010111111100101
110101010111111100101
111001010111111100101
101110010111111100101
110110010111111100101
111010010111111100101
101011100111111100101
101101100111111100101
110101100111111100101
101110100111111100101
110110100111111100101
111010100111111100101
101010111011111100101
101011011011111100101
101101011011111100101
110101011011111100101
111001011011111100101
101110011011111100101
110110011011111100101
111010011011111100101
101011101011111100101
101101101011111100101
110101101011111100101
111001101011111100101
101110101011111100101
110110101011111100101
111010101011111100101
111100101011111100101
101111001011111100101
110111001011111100101
111011001011111100101
111101001011111100101
101011110011111100101
101101110011111100101
110101110011111100101
111001110011111100101
101110110011111100101
110110110011111100101
111010110011111100101
101111010011111100101
110111010011111100101
111011010011111100101
111101010011111100101
101111100011111100101
110111100011111100101
111011100011111100101
101010111101111100101
101011011101111100101
101101011101111100101
110101011101111100101
111001011101111100101
101110011101111100101
110110011101111100101
111010011101111100101
101011101101111100101
101101101101111100101
110101101101111100101
111001101101111100101
101110101101111100101
110110101101111100101
111010101101111100101
111100101101111100101
101111001101111100101
110111001101111100101
111011001101111100101
111101001101111100101
101011110101111100101
101101110101111100101
110101110101111100101
111001110101111100101
101110110101111100101
110110110101111100101
111010110101111100101
111100110101111100101
101111010101111100101
110111010101111100101
111011010101111100101
111101010101111100101
111110010101111100101
101111100101111100101
110111100101111100101
111011100101111100101
111101100101111100101
111110100101111100101
101011111001111100101
101101111001111100101
110101111001111100101
111001111001111100101
101110111001111100101
110110111001111100101
111010111001111100101
111100111001111100101
101111011001111100101
110111011001111100101
111011011001111100101
111101011001111100101
101111101001111100101
110111101001111100101
111011101001111100101
111101101001111100101
111110101001111100101
101111110001111100101
110111110001111100101
111011110001111100101
111101110001111100101
101010111110111100101
101011011110111100101
101101011110111100101
110101011110111100101
111001011110111100101
101110011110111100101
110110011110111100101
111010011110111100101
101011101110111100101
101101101110111100101
110101101110111100101
111001101110111100101
101110101110111100101
110110101110111100101
111010101110111100101
111100101110111100101
101111001110111100101
110111001110111100101
111011001110111100101
111101001110111100101
101011110110111100101
101101110110111100101
110101110110111100101
111001110110111100101
101110110110111100101
110110110110111100101
111010110110111100101
111100110110111100101
101111010110111100101
110111010110111100101
111011010110111100101
111101010110111100101
111110010110111100101
101111100110111100101
110111100110111100101
111011100110111100101
111101100110111100101
111110100110111100101
101011111010111100101
101101111010111100101
110101111010111100101
111001111010111100101
101110111010111100101
110110111010111100101
111010111010111100101
111100111010111100101
101111011010111100101
110111011010111100101
111011011010111100101
111101011010111100101
111110011010111100101
101111101010111100101
110111101010111100101
111011101010111100101
111101101010111100101
111110101010111100101
101111110010111100101
110111110010111100101
111011110010111100101
111101110010111100101
111110110010111100101
101011111100111100101
101101111100111100101
110101111100111100101
111001111100111100101
101110111100111100101
110110111100111100101
111010111100111100101
111100111100111100101
101111011100111100101
110111011100111100101
111011011100111100101
111101011100111100101
111110011100111100101
101111101100111100101
110111101100111100101
111011101100111100101
111101101100111100101
111110101100111100101
101111110100111100101
110111110100111100101
111011110100111100101
111101110100111100101
111110110100111100101
101111111000111100101
110111111000111100101
111011111000111100101
111101111000111100101
111110111000111100101
101010111111011100101
101011011111011100101
101101011111011100101
110101011111011100101
111001011111011100101
101110011111011100101
110110011111011100101
111010011111011100101
101011101111011100101
101101101111011100101
110101101111011100101
111001101111011100101
101110101111011100101
110110101111011100101
111010101111011100101
111100101111011100101
101111001111011100101
110111001111011100101
111011001111011100101
111101001111011100101
101011110111011100101
101101110111011100101
110101110111011100101
111001110111011100101
101110110111011100101
110110110111011100101
111010110111011100101
111100110111011100101
101111010111011100101
110111010111011100101
111011010111011100101
111101010111011100101
111110010111011100101
101111100111011100101
110111100111011100101
111011100111011100101
111101100111011100101
111110100111011100101
101011111011011100101
101101111011011100101
110101111011011100101
111001111011011100101
101110111011011100101
110110111011011100101
111010111011011100101
111100111011011100101
101111011011011100101
110111011011011100101
111011011011011100101
111101011011011100101
111110011011011100101
101111101011011100101
110111101011011100101
111011101011011100101
111101101011011100101
111110101011011100101
101111110011011100101
110111110011011100101
111011110011011100101
111101110011011100101
111110110011011100101
101011111101011100101
101101111101011100101
110101111101011100101
111001111101011100101
101110111101011100101
110110111101011100101
111010111101011100101
111100111101011100101
101111011101011100101
110111011101011100101
111011011101011100101
111101011101011100101
111110011101011100101
101111101101011100101
110111101101011100101
111011101101011100101
111101101101011100101
111110101101011100101
101111110101011100101
110111110101011100101
111011110101011100101
111101110101011100101
111110110101011100101
101111111001011100101
110111111001011100101
111011111001011100101
111101111001011100101
111110111001011100101
101011111110011100101
101101111110011100101
110101111110011100101
111001111110011100101
101110111110011100101
110110111110011100101
111010111110011100101
111100111110011100101
101111011110011100101
110111011110011100101
111011011110011100101
111101011110011100101
111110011110011100101
101111101110011100101
110111101110011100101
111011101110011100101
111101101110011100101
111110101110011100101
101111110110011100101
110111110110011100101
111011110110011100101
111101110110011100101
111110110110011100101
101111111010011100101
110111111010011100101
111011111010011100101
111101111010011100101
111110111010011100101
101111111100011100101
110111111100011100101
111011111100011100101
111101111100011100101
111110111100011100101
101010111111101100101
101011011111101100101
101101011111101100101
110101011111101100101
111001011111101100101
101110011111101100101
110110011111101100101
111010011111101100101
101011101111101100101
101101101111101100101
110101101111101100101
111001101111101100101
101110101111101100101
110110101111101100101
111010101111101100101
111100101111101100101
101111001111101100101
110111001111101100101
111011001111101100101
111101001111101100101
101011110111101100101
101101110111101100101
110101110111101100101
111001110111101100101
101110110111101100101
110110110111101100101
111010110111101100101
111100110111101100101
101111010111101100101
110111010111101100101
111011010111101100101
111101010111101100101
111110010111101100101
101111100111101100101
110111100111101100101
111011100111101100101
111101100111101100101
111110100111101100101
101011111011101100101
101101111011101100101
110101111011101100101
111001111011101100101
101110111011101100101
110110111011101100101
111010111011101100101
111100111011101100101
101111011011101100101
110111011011101100101
111011011011101100101
111101011011101100101
111110011011101100101
101111101011101100101
110111101011101100101
111011101011101100101
111101101011101100101
111110101011101100101
101111110011101100101
110111110011101100101
111011110011101100101
111101110011101100101
111110110011101100101
101011111101101100101
101101111101101100101
110101111101101100101
111001111101101100101
101110111101101100101
110110111101101100101
111010111101101100101
111100111101101100101
101111011101101100101
110111011101101100101
111011011101101100101
111101011101101100101
111110011101101100101
101111101101101100101
110111101101101100101
111011101101101100101
111101101101101100101
111110101101101100101
101111110101101100101
110111110101101100101
111011110101101100101
111101110101101100101
111110110101101100101
101111111001101100101
110111111001101100101
111011111001101100101
111101111001101100101
111110111001101100101
101011111110101100101
101101111110101100101
110101111110101100101
111001111110101100101
101110111110101100101
110110111110101100101
111010111110101100101
111100111110101100101
101111011110101100101
110111011110101100101
111011011110101100101
111101011110101100101
111110011110101100101
101111101110101100101
110111101110101100101
111011101110101100101
111101101110101100101
111110101110101100101
101111110110101100101
110111110110101100101
111011110110101100101
111101110110101100101
111110110110101100101
101111111010101100101
110111111010101100101
111011111010101100101
111101111010101100101
111110111010101100101
101111111100101100101
110111111100101100101
111011111100101100101
111101111100101100101
111110111100101100101
101011111111001100101
101101111111001100101
110101111111001100101
111001111111001100101
101110111111001100101
110110111111001100101
111010111111001100101
111100111111001100101
101111011111001100101
110111011111001100101
111011011111001100101
111101011111001100101
111110011111001100101
101111101111001100101
110111101111001100101
111011101111001100101
111101101111001100101
111110101111001100101
101111110111001100101
110111110111001100101
111011110111001100101
111101110111001100101
111110110111001100101
101111111011001100101
110111111011001100101
111011111011001100101
111101111011001100101
111110111011001100101
101111111101001100101
110111111101001100101
111011111101001100101
111101111101001100101
111110111101001100101
101010111111110100101
101011011111110100101
101101011111110100101
110101011111110100101
111001011111110100101
101110011111110100101
110110011111110100101
111010011111110100101
101011101111110100101
101101101111110100101
110101101111110100101
111001101111110100101
101110101111110100101
110110101111110100101
111010101111110100101
111100101111110100101
101111001111110100101
110111001111110100101
111011001111110100101
111101001111110100101
101011110111110100101
101101110111110100101
110101110111110100101
111001110111110100101
101110110111110100101
110110110111110100101
111010110111110100101
111100110111110100101
101111010111110100101
110111010111110100101
111011010111110100101
111101010111110100101
111110010111110100101
101111100111110100101
110111100111110100101
111011100111110100101
111101100111110100101
111110100111110100101
101011111011110100101
101101111011110100101
110101111011110100101
111001111011110100101
101110111011110100101
110110111011110100101
111010111011110100101
111100111011110100101
101111011011110100101
110111011011110100101
111011011011110100101
111101011011110100101
111110011011110100101
101111101011110100101
110111101011110100101
111011101011110100101
111101101011110100101
111110101011110100101
101111110011110100101
110111110011110100101
111011110011110100101
111101110011110100101
111110110011110100101
101011111101110100101
101101111101110100101
110101111101110100101
111001111101110100101
101110111101110100101
110110111101110100101
111010111101110100101
111100111101110100101
101111011101110100101
110111011101110100101
111011011101110100101
111101011101110100101
111110011101110100101
101111101101110100101
110111101101110100101
111011101101110100101
111101101101110100101
111110101101110100101
101111110101110100101
110111110101110100101
111011110101110100101
111101110101110100101
111110110101110100101
101111111001110100101
110111111001110100101
111011111001110100101
111101111001110100101
111110111001110100101
101011111110110100101
101101111110110100101
110101111110110100101
111001111110110100101
101110111110110100101
110110111110110100101
111010111110110100101
111100111110110100101
101111011110110100101
110111011110110100101
111011011110110100101
111101011110110100101
111110011110110100101
101111101110110100101
110111101110110100101
111011101110110100101
111101101110110100101
111110101110110100101
101111110110110100101
110111110110110100101
111011110110110100101
111101110110110100101
111110110110110100101
101111111010110100101
110111111010110100101
111011111010110100101
111101111010110100101
111110111010110100101
101111111100110100101
110111111100110100101
111011111100110100101
111101111100110100101
111110111100110100101
101011111111010100101
101101111111010100101
110101111111010100101
111001111111010100101
101110111111010100101
110110111111010100101
111010111111010100101
111100111111010100101
101111011111010100101
110111011111010100101
111011011111010100101
111101011111010100101
111110011111010100101
101111101111010100101
110111101111010100101
111011101111010100101
111101101111010100101
111110101111010100101
101111110111010100101
110111110111010100101
111011110111010100101
111101110111010100101
111110110111010100101
101111111011010100101
110111111011010100101
111011111011010100101
111101111011010100101
111110111011010100101
101111111101010100101
110111111101010100101
111011111101010100101
111101111101010100101
111110111101010100101
101011111111100100101
101101111111100100101
110101111111100100101
101110111111100100101
110110111111100100101
111010111111100100101
101111011111100100101
110111011111100100101
111011011111100100101
111101011111100100101
101111101111100100101
110111101111100100101
111011101111100100101
111101101111100100101
111110101111100100101
101111110111100100101
110111110111100100101
111011110111100100101
111101110111100100101
111110110111100100101
101111111011100100101
110111111011100100101
111011111011100100101
111101111011100100101
111110111011100100101
101111111101100100101
110111111101100100101
111011111101100100101
111101111101100100101
111110111101100100101
101011011111111000101
101101011111111000101
110101011111111000101
111001011111111000101
101110011111111000101
110110011111111000101
111010011111111000101
101011101111111000101
101101101111111000101
110101101111111000101
111001101111111000101
101110101111111000101
110110101111111000101
111010101111111000101
111100101111111000101
101111001111111000101
110111001111111000101
111011001111111000101
111101001111111000101
101011110111111000101
101101110111111000101
110101110111111000101
111001110111111000101
101110110111111000101
110110110111111000101
111010110111111000101
111100110111111000101
101111010111111000101
110111010111111000101
111011010111111000101
111101010111111000101
111110010111111000101
101111100111111000101
110111100111111000101
111011100111111000101
111101100111111000101
111110100111111000101
101011111011111000101
101101111011111000101
110101111011111000101
111001111011111000101
101110111011111000101
110110111011111000101
111010111011111000101
111100111011111000101
101111011011111000101
110111011011111000101
111011011011111000101
111101011011111000101
111110011011111000101
101111101011111000101
110111101011111000101
111011101011111000101
111101101011111000101
111110101011111000101
101111110011111000101
110111110011111000101
111011110011111000101
111101110011111000101
111110110011111000101
101011111101111000101
101101111101111000101
110101111101111000101
111001111101111000101
101110111101111000101
110110111101111000101
111010111101111000101
111100111101111000101
101111011101111000101
110111011101111000101
111011011101111000101
111101011101111000101
111110011101111000101
101111101101111000101
110111101101111000101
111011101101111000101
111101101101111000101
111110101101111000101
101111110101111000101
110111110101111000101
111011110101111000101
111101110101111000101
111110110101111000101
101111111001111000101
110111111001111000101
111011111001111000101
111101111001111000101
111110111001111000101
101011111110111000101
101101111110111000101
110101111110111000101
111001111110111000101
101110111110111000101
110110111110111000101
111010111110111000101
111100111110111000101
101111011110111000101
110111011110111000101
111011011110111000101
111101011110111000101
111110011110111000101
101111101110111000101
110111101110111000101
111011101110111000101
111101101110111000101
111110101110111000101
101111110110111000101
110111110110111000101
111011110110111000101
111101110110111000101
111110110110111000101
101111111010111000101
110111111010111000101
111011111010111000101
111101111010111000101
111110111010111000101
101111111100111000101
110111111100111000101
111011111100111000101
111101111100111000101
111110111100111000101
101011111111011000101
101101111111011000101
110101111111011000101
111001111111011000101
101110111111011000101
110110111111011000101
111010111111011000101
111100111111011000101
101111011111011000101
110111011111011000101
111011011111011000101
111101011111011000101
111110011111011000101
101111101111011000101
110111101111011000101
111011101111011000101
111101101111011000101
111110101111011000101
101111110111011000101
110111110111011000101
111011110111011000101
111101110111011000101
111110110111011000101
101111111011011000101
110111111011011000101
111011111011011000101
111101111011011000101
111110111011011000101
101111111101011000101
110111111101011000101
111011111101011000101
111101111101011000101
111110111101011000101
101011111111101000101
101101111111101000101
110101111111101000101
101110111111101000101
110110111111101000101
111010111111101000101
101111011111101000101
110111011111101000101
111011011111101000101
111101011111101000101
101111101111101000101
110111101111101000101
111011101111101000101
111101101111101000101
111110101111101000101
101111110111101000101
110111110111101000101
111011110111101000101
111101110111101000101
111110110111101000101
101111111011101000101
110111111011101000101
111011111011101000101
111101111011101000101
111110111011101000101
101111111101101000101
110111111101101000101
111011111101101000101
111101111101101000101
111110111101101000101
