011000011000011111111
011000101000011111111
011001001000011111111
011010001000011111111
011100001000011111111
011000110000011111111
011001010000011111111
011010010000011111111
011100010000011111111
011001100000011111111
011010100000011111111
011100100000011111111
011011000000011111111
011101000000011111111
011110000000011111111
011000011000101111111
011000101000101111111
011001001000101111111
011010001000101111111
011100001000101111111
011000110000101111111
011001010000101111111
011010010000101111111
011100010000101111111
011001100000101111111
011010100000101111111
011100100000101111111
011011000000101111111
011101000000101111111
011110000000101111111
011000011001001111111
011000101001001111111
011001001001001111111
011010001001001111111
011100001001001111111
011000110001001111111
011001010001001111111
011010010001001111111
011100010001001111111
011001100001001111111
011010100001001111111
011100100001001111111
011011000001001111111
011101000001001111111
011110000001001111111
011000011010001111111
011000101010001111111
011001001010001111111
011010001010001111111
011100001010001111111
011000110010001111111
011001010010001111111
011010010010001111111
011100010010001111111
011001100010001111111
011010100010001111111
011100100010001111111
011011000010001111111
011101000010001111111
011110000010001111111
011000011100001111111
011000101100001111111
011001001100001111111
011010001100001111111
011100001100001111111
011000110100001111111
011001010100001111111
011010010100001111111
011100010100001111111
011001100100001111111
011010100100001111111
011100100100001111111
011011000100001111111
011101000100001111111
011110000100001111111
011000111000001111111
011001011000001111111
011010011000001111111
011100011000001111111
011001101000001111111
011010101000001111111
011100101000001111111
011011001000001111111
011101001000001111111
011110001000001111111
011001110000001111111
011010110000001111111
011100110000001111111
011011010000001111111
011101010000001111111
011110010000001111111
011000011000110111111
011000101000110111111
011001001000110111111
011010001000110111111
011100001000110111111
011000110000110111111
011001010000110111111
011010010000110111111
011100010000110111111
011001100000110111111
011010100000110111111
011100100000110111111
011011000000110111111
011101000000110111111
011110000000110111111
011000011001010111111
011000101001010111111
011001001001010111111
011010001001010111111
011100001001010111111
011000110001010111111
011001010001010111111
011010010001010111111
011100010001010111111
011001100001010111111
011010100001010111111
011100100001010111111
011011000001010111111
011101000001010111111
011110000001010111111
011000011010010111111
011000101010010111111
011001001010010111111
011010001010010111111
011100001010010111111
011000110010010111111
011001010010010111111
011010010010010111111
011100010010010111111
011001100010010111111
011010100010010111111
011100100010010111111
011011000010010111111
011101000010010111111
011110000010010111111
011000011100010111111
011000101100010111111
011001001100010111111
011010001100010111111
011100001100010111111
011000110100010111111
011001010100010111111
011010010100010111111
011100010100010111111
011001100100010111111
011010100100010111111
011100100100010111111
011011000100010111111
011101000100010111111
011110000100010111111
011000111000010111111
011001011000010111111
011010011000010111111
011100011000010111111
011001101000010111111
011010101000010111111
011100101000010111111
011011001000010111111
011101001000010111111
011110001000010111111
011001110000010111111
011010110000010111111
011100110000010111111
011011010000010111111
011101010000010111111
011110010000010111111
011000011001100111111
011000101001100111111
011001001001100111111
011010001001100111111
011100001001100111111
011000110001100111111
011001010001100111111
011010010001100111111
011100010001100111111
011001100001100111111
011010100001100111111
011100100001100111111
011011000001100111111
011101000001100111111
011110000001100111111
011000011010100111111
011000101010100111111
011001001010100111111
011010001010100111111
011100001010100111111
011000110010100111111
011001010010100111111
011010010010100111111
011100010010100111111
011001100010100111111
011010100010100111111
011100100010100111111
011011000010100111111
011101000010100111111
011110000010100111111
011000011100100111111
011000101100100111111
011001001100100111111
011010001100100111111
011100001100100111111
011000110100100111111
011001010100100111111
011010010100100111111
011100010100100111111
011001100100100111111
011010100100100111111
011100100100100111111
011011000100100111111
011101000100100111111
011110000100100111111
011000111000100111111
011001011000100111111
011010011000100111111
011100011000100111111
011001101000100111111
011010101000100111111
011100101000100111111
011011001000100111111
011101001000100111111
011110001000100111111
011001110000100111111
011010110000100111111
011100110000100111111
011011010000100111111
011101010000100111111
011110010000100111111
011000011011000111111
011000101011000111111
011001001011000111111
011010001011000111111
011100001011000111111
011000110011000111111
011001010011000111111
011010010011000111111
011100010011000111111
011001100011000111111
011010100011000111111
011100100011000111111
011011000011000111111
011101000011000111111
011110000011000111111
011000011101000111111
011000101101000111111
011001001101000111111
011010001101000111111
011100001101000111111
011000110101000111111
011001010101000111111
011010010101000111111
011100010101000111111
011001100101000111111
011010100101000111111
011100100101000111111
011011000101000111111
011101000101000111111
011110000101000111111
011000111001000111111
011001011001000111111
011010011001000111111
011100011001000111111
011001101001000111111
011010101001000111111
011100101001000111111
011011001001000111111
011101001001000111111
011110001001000111111
011001110001000111111
011010110001000111111
011100110001000111111
011011010001000111111
011101010001000111111
011110010001000111111
011000011110000111111
011000101110000111111
011001001110000111111
011010001110000111111
011100001110000111111
011000110110000111111
011001010110000111111
011010010110000111111
011100010110000111111
011001100110000111111
011010100110000111111
011100100110000111111
011011000110000111111
011101000110000111111
011110000110000111111
011000111010000111111
011001011010000111111
011010011010000111111
011100011010000111111
011001101010000111111
011010101010000111111
011100101010000111111
011011001010000111111
011101001010000111111
011110001010000111111
011001110010000111111
011010110010000111111
011100110010000111111
011011010010000111111
011101010010000111111
011110010010000111111
011000111100000111111
011001011100000111111
011010011100000111111
011100011100000111111
011001101100000111111
011010101100000111111
011100101100000111111
011011001100000111111
011101001100000111111
011110001100000111111
011001110100000111111
011010110100000111111
011100110100000111111
011011010100000111111
011101010100000111111
011110010100000111111
011001111000000111111
011010111000000111111
011100111000000111111
011011011000000111111
011101011000000111111
011110011000000111111
011000011000111011111
011000101000111011111
011001001000111011111
011010001000111011111
011100001000111011111
011000110000111011111
011001010000111011111
011010010000111011111
011100010000111011111
011001100000111011111
011010100000111011111
011100100000111011111
011011000000111011111
011101000000111011111
011110000000111011111
011000011001011011111
011000101001011011111
011001001001011011111
011010001001011011111
011100001001011011111
011000110001011011111
011001010001011011111
011010010001011011111
011100010001011011111
011001100001011011111
011010100001011011111
011100100001011011111
011011000001011011111
011101000001011011111
011110000001011011111
011000011010011011111
011000101010011011111
011001001010011011111
011010001010011011111
011100001010011011111
011000110010011011111
011001010010011011111
011010010010011011111
011100010010011011111
011001100010011011111
011010100010011011111
011100100010011011111
011011000010011011111
011101000010011011111
011110000010011011111
011000011100011011111
011000101100011011111
011001001100011011111
011010001100011011111
011100001100011011111
011000110100011011111
011001010100011011111
011010010100011011111
011100010100011011111
011001100100011011111
011010100100011011111
011100100100011011111
011011000100011011111
011101000100011011111
011110000100011011111
011000111000011011111
011001011000011011111
011010011000011011111
011100011000011011111
011001101000011011111
011010101000011011111
011100101000011011111
011011001000011011111
011101001000011011111
011110001000011011111
011001110000011011111
011010110000011011111
011100110000011011111
011011010000011011111
011101010000011011111
011110010000011011111
011000011001101011111
011000101001101011111
011001001001101011111
011010001001101011111
011100001001101011111
011000110001101011111
011001010001101011111
011010010001101011111
011100010001101011111
011001100001101011111
011010100001101011111
011100100001101011111
011011000001101011111
011101000001101011111
011110000001101011111
011000011010101011111
011000101010101011111
011001001010101011111
011010001010101011111
011100001010101011111
011000110010101011111
011001010010101011111
011010010010101011111
011100010010101011111
011001100010101011111
011010100010101011111
011100100010101011111
011011000010101011111
011101000010101011111
011110000010101011111
011000011100101011111
011000101100101011111
011001001100101011111
011010001100101011111
011100001100101011111
011000110100101011111
011001010100101011111
011010010100101011111
011100010100101011111
011001100100101011111
011010100100101011111
011100100100101011111
011011000100101011111
011101000100101011111
011110000100101011111
011000111000101011111
011001011000101011111
011010011000101011111
011100011000101011111
011001101000101011111
011010101000101011111
011100101000101011111
011011001000101011111
011101001000101011111
011110001000101011111
011001110000101011111
011010110000101011111
011100110000101011111
011011010000101011111
011101010000101011111
011110010000101011111
011000011011001011111
011000101011001011111
011001001011001011111
011010001011001011111
011100001011001011111
011000110011001011111
011001010011001011111
011010010011001011111
011100010011001011111
011001100011001011111
011010100011001011111
011100100011001011111
011011000011001011111
011101000011001011111
011110000011001011111
011000011101001011111
011000101101001011111
011001001101001011111
011010001101001011111
011100001101001011111
011000110101001011111
011001010101001011111
011010010101001011111
011100010101001011111
011001100101001011111
011010100101001011111
011100100101001011111
011011000101001011111
011101000101001011111
011110000101001011111
011000111001001011111
011001011001001011111
011010011001001011111
011100011001001011111
011001101001001011111
011010101001001011111
011100101001001011111
011011001001001011111
011101001001001011111
011110001001001011111
011001110001001011111
011010110001001011111
011100110001001011111
011011010001001011111
011101010001001011111
011110010001001011111
011000011110001011111
011000101110001011111
011001001110001011111
011010001110001011111
011100001110001011111
011000110110001011111
011001010110001011111
011010010110001011111
011100010110001011111
011001100110001011111
011010100110001011111
011100100110001011111
011011000110001011111
011101000110001011111
011110000110001011111
011000111010001011111
011001011010001011111
011010011010001011111
011100011010001011111
011001101010001011111
011010101010001011111
011100101010001011111
011011001010001011111
011101001010001011111
011110001010001011111
011001110010001011111
011010110010001011111
011100110010001011111
011011010010001011111
011101010010001011111
011110010010001011111
011000111100001011111
011001011100001011111
011010011100001011111
011100011100001011111
011001101100001011111
011010101100001011111
011100101100001011111
011011001100001011111
011101001100001011111
011110001100001011111
011001110100001011111
011010110100001011111
011100110100001011111
011011010100001011111
011101010100001011111
011110010100001011111
011001111000001011111
011010111000001011111
011100111000001011111
011011011000001011111
011101011000001011111
011110011000001011111
011000011001110011111
011000101001110011111
011001001001110011111
011010001001110011111
011100001001110011111
011000110001110011111
011001010001110011111
011010010001110011111
011100010001110011111
011001100001110011111
011010100001110011111
011100100001110011111
011011000001110011111
011101000001110011111
011110000001110011111
011000011010110011111
011000101010110011111
011001001010110011111
011010001010110011111
011100001010110011111
011000110010110011111
011001010010110011111
011010010010110011111
011100010010110011111
011001100010110011111
011010100010110011111
011100100010110011111
011011000010110011111
011101000010110011111
011110000010110011111
011000011100110011111
011000101100110011111
011001001100110011111
011010001100110011111
011100001100110011111
011000110100110011111
011001010100110011111
011010010100110011111
011100010100110011111
011001100100110011111
011010100100110011111
011100100100110011111
011011000100110011111
011101000100110011111
011110000100110011111
011000111000110011111
011001011000110011111
011010011000110011111
011100011000110011111
011001101000110011111
011010101000110011111
011100101000110011111
011011001000110011111
011101001000110011111
011110001000110011111
011001110000110011111
011010110000110011111
011100110000110011111
011011010000110011111
011101010000110011111
011110010000110011111
011000011011010011111
011000101011010011111
011001001011010011111
011010001011010011111
011100001011010011111
011000110011010011111
011001010011010011111
011010010011010011111
011100010011010011111
011001100011010011111
011010100011010011111
011100100011010011111
011011000011010011111
011101000011010011111
011110000011010011111
011000011101010011111
011000101101010011111
011001001101010011111
011010001101010011111
011100001101010011111
011000110101010011111
011001010101010011111
011010010101010011111
011100010101010011111
011001100101010011111
011010100101010011111
011100100101010011111
011011000101010011111
011101000101010011111
011110000101010011111
011000111001010011111
011001011001010011111
011010011001010011111
011100011001010011111
011001101001010011111
011010101001010011111
011100101001010011111
011011001001010011111
011101001001010011111
011110001001010011111
011001110001010011111
011010110001010011111
011100110001010011111
011011010001010011111
011101010001010011111
011110010001010011111
011000011110010011111
011000101110010011111
011001001110010011111
011010001110010011111
011100001110010011111
011000110110010011111
011001010110010011111
011010010110010011111
011100010110010011111
011001100110010011111
011010100110010011111
011100100110010011111
011011000110010011111
011101000110010011111
011110000110010011111
011000111010010011111
011001011010010011111
011010011010010011111
011100011010010011111
011001101010010011111
011010101010010011111
011100101010010011111
011011001010010011111
011101001010010011111
011110001010010011111
011001110010010011111
011010110010010011111
011100110010010011111
011011010010010011111
011101010010010011111
011110010010010011111
011000111100010011111
011001011100010011111
011010011100010011111
011100011100010011111
011001101100010011111
011010101100010011111
011100101100010011111
011011001100010011111
011101001100010011111
011110001100010011111
011001110100010011111
011010110100010011111
011100110100010011111
011011010100010011111
011101010100010011111
011110010100010011111
011001111000010011111
011010111000010011111
011100111000010011111
011011011000010011111
011101011000010011111
011110011000010011111
011000011011100011111
011000101011100011111
011001001011100011111
011010001011100011111
011100001011100011111
011000110011100011111
011001010011100011111
011010010011100011111
011100010011100011111
011001100011100011111
011010100011100011111
011100100011100011111
011011000011100011111
011101000011100011111
011110000011100011111
011000011101100011111
011000101101100011111
011001001101100011111
011010001101100011111
011100001101100011111
011000110101100011111
011001010101100011111
011010010101100011111
011100010101100011111
011001100101100011111
011010100101100011111
011100100101100011111
011011000101100011111
011101000101100011111
011110000101100011111
011000111001100011111
011001011001100011111
011010011001100011111
011100011001100011111
011001101001100011111
011010101001100011111
011100101001100011111
011011001001100011111
011101001001100011111
011110001001100011111
011001110001100011111
011010110001100011111
011100110001100011111
011011010001100011111
011101010001100011111
011110010001100011111
011000011110100011111
011000101110100011111
011001001110100011111
011010001110100011111
011100001110100011111
011000110110100011111
011001010110100011111
011010010110100011111
011100010110100011111
011001100110100011111
011010100110100011111
011100100110100011111
011011000110100011111
011101000110100011111
011110000110100011111
011000111010100011111
011001011010100011111
011010011010100011111
011100011010100011111
011001101010100011111
011010101010100011111
011100101010100011111
011011001010100011111
011101001010100011111
011110001010100011111
011001110010100011111
011010110010100011111
011100110010100011111
011011010010100011111
011101010010100011111
011110010010100011111
011000111100100011111
011001011100100011111
011010011100100011111
011100011100100011111
011001101100100011111
011010101100100011111
011100101100100011111
011011001100100011111
011101001100100011111
011110001100100011111
011001110100100011111
011010110100100011111
011100110100100011111
011011010100100011111
011101010100100011111
011110010100100011111
011001111000100011111
011010111000100011111
011100111000100011111
011011011000100011111
011101011000100011111
011110011000100011111
011000011111000011111
011000101111000011111
011001001111000011111
011010001111000011111
011100001111000011111
011000110111000011111
011001010111000011111
011010010111000011111
011100010111000011111
011001100111000011111
011010100111000011111
011100100111000011111
011011000111000011111
011101000111000011111
011110000111000011111
011000111011000011111
011001011011000011111
011010011011000011111
011100011011000011111
011001101011000011111
011010101011000011111
011100101011000011111
011011001011000011111
011101001011000011111
011110001011000011111
011001110011000011111
011010110011000011111
011100110011000011111
011011010011000011111
011101010011000011111
011110010011000011111
011000111101000011111
011001011101000011111
011010011101000011111
011100011101000011111
011001101101000011111
011010101101000011111
011100101101000011111
011011001101000011111
011101001101000011111
011110001101000011111
011001110101000011111
011010110101000011111
011100110101000011111
011011010101000011111
011101010101000011111
011110010101000011111
011001111001000011111
011010111001000011111
011100111001000011111
011011011001000011111
011101011001000011111
011110011001000011111
011000011000111101111
011000101000111101111
011001001000111101111
011010001000111101111
011100001000111101111
011000110000111101111
011001010000111101111
011010010000111101111
011100010000111101111
011001100000111101111
011010100000111101111
011100100000111101111
011011000000111101111
011101000000111101111
011110000000111101111
011000011001011101111
011000101001011101111
011001001001011101111
011010001001011101111
011100001001011101111
011000110001011101111
011001010001011101111
011010010001011101111
011100010001011101111
011001100001011101111
011010100001011101111
011100100001011101111
011011000001011101111
011101000001011101111
011110000001011101111
011000011010011101111
011000101010011101111
011001001010011101111
011010001010011101111
011100001010011101111
011000110010011101111
011001010010011101111
011010010010011101111
011100010010011101111
011001100010011101111
011010100010011101111
011100100010011101111
011011000010011101111
011101000010011101111
011110000010011101111
011000011100011101111
011000101100011101111
011001001100011101111
011010001100011101111
011100001100011101111
011000110100011101111
011001010100011101111
011010010100011101111
011100010100011101111
011001100100011101111
011010100100011101111
011100100100011101111
011011000100011101111
011101000100011101111
011110000100011101111
011000111000011101111
011001011000011101111
011010011000011101111
011100011000011101111
011001101000011101111
011010101000011101111
011100101000011101111
011011001000011101111
011101001000011101111
011110001000011101111
011001110000011101111
011010110000011101111
011100110000011101111
011011010000011101111
011101010000011101111
011110010000011101111
011000011001101101111
011000101001101101111
011001001001101101111
011010001001101101111
011100001001101101111
011000110001101101111
011001010001101101111
011010010001101101111
011100010001101101111
011001100001101101111
011010100001101101111
011100100001101101111
011011000001101101111
011101000001101101111
011110000001101101111
011000011010101101111
011000101010101101111
011001001010101101111
011010001010101101111
011100001010101101111
011000110010101101111
011001010010101101111
011010010010101101111
011100010010101101111
011001100010101101111
011010100010101101111
011100100010101101111
011011000010101101111
011101000010101101111
011110000010101101111
011000011100101101111
011000101100101101111
011001001100101101111
011010001100101101111
011100001100101101111
011000110100101101111
011001010100101101111
011010010100101101111
011100010100101101111
011001100100101101111
011010100100101101111
011100100100101101111
011011000100101101111
011101000100101101111
011110000100101101111
011000111000101101111
011001011000101101111
011010011000101101111
011100011000101101111
011001101000101101111
011010101000101101111
011100101000101101111
011011001000101101111
011101001000101101111
011110001000101101111
011001110000101101111
011010110000101101111
011100110000101101111
011011010000101101111
011101010000101101111
011110010000101101111
011000011011001101111
011000101011001101111
011001001011001101111
011010001011001101111
011100001011001101111
011000110011001101111
011001010011001101111
011010010011001101111
011100010011001101111
011001100011001101111
011010100011001101111
011100100011001101111
011011000011001101111
011101000011001101111
011110000011001101111
011000011101001101111
011000101101001101111
011001001101001101111
011010001101001101111
011100001101001101111
011000110101001101111
011001010101001101111
011010010101001101111
011100010101001101111
011001100101001101111
011010100101001101111
011100100101001101111
011011000101001101111
011101000101001101111
011110000101001101111
011000111001001101111
011001011001001101111
011010011001001101111
011100011001001101111
011001101001001101111
011010101001001101111
011100101001001101111
011011001001001101111
011101001001001101111
011110001001001101111
011001110001001101111
011010110001001101111
011100110001001101111
011011010001001101111
011101010001001101111
011110010001001101111
011000011110001101111
011000101110001101111
011001001110001101111
011010001110001101111
011100001110001101111
011000110110001101111
011001010110001101111
011010010110001101111
011100010110001101111
011001100110001101111
011010100110001101111
011100100110001101111
011011000110001101111
011101000110001101111
011110000110001101111
011000111010001101111
011001011010001101111
011010011010001101111
011100011010001101111
011001101010001101111
011010101010001101111
011100101010001101111
011011001010001101111
011101001010001101111
011110001010001101111
011001110010001101111
011010110010001101111
011100110010001101111
011011010010001101111
011101010010001101111
011110010010001101111
011000111100001101111
011001011100001101111
011010011100001101111
011100011100001101111
011001101100001101111
011010101100001101111
011100101100001101111
011011001100001101111
011101001100001101111
011110001100001101111
011001110100001101111
011010110100001101111
011100110100001101111
011011010100001101111
011101010100001101111
011110010100001101111
011001111000001101111
011010111000001101111
011100111000001101111
011011011000001101111
011101011000001101111
011110011000001101111
011000011001110101111
011000101001110101111
011001001001110101111
011010001001110101111
011100001001110101111
011000110001110101111
011001010001110101111
011010010001110101111
011100010001110101111
011001100001110101111
011010100001110101111
011100100001110101111
011011000001110101111
011101000001110101111
011110000001110101111
011000011010110101111
011000101010110101111
011001001010110101111
011010001010110101111
011100001010110101111
011000110010110101111
011001010010110101111
011010010010110101111
011100010010110101111
011001100010110101111
011010100010110101111
011100100010110101111
011011000010110101111
011101000010110101111
011110000010110101111
011000011100110101111
011000101100110101111
011001001100110101111
011010001100110101111
011100001100110101111
011000110100110101111
011001010100110101111
011010010100110101111
011100010100110101111
011001100100110101111
011010100100110101111
011100100100110101111
011011000100110101111
011101000100110101111
011110000100110101111
011000111000110101111
011001011000110101111
011010011000110101111
011100011000110101111
011001101000110101111
011010101000110101111
011100101000110101111
011011001000110101111
011101001000110101111
011110001000110101111
011001110000110101111
011010110000110101111
011100110000110101111
011011010000110101111
011101010000110101111
011110010000110101111
011000011011010101111
011000101011010101111
011001001011010101111
011010001011010101111
011100001011010101111
011000110011010101111
011001010011010101111
011010010011010101111
011100010011010101111
011001100011010101111
011010100011010101111
011100100011010101111
011011000011010101111
011101000011010101111
011110000011010101111
011000011101010101111
011000101101010101111
011001001101010101111
011010001101010101111
011100001101010101111
011000110101010101111
011001010101010101111
011010010101010101111
011100010101010101111
011001100101010101111
011010100101010101111
011100100101010101111
011011000101010101111
011101000101010101111
011110000101010101111
011000111001010101111
011001011001010101111
011010011001010101111
011100011001010101111
011001101001010101111
011010101001010101111
011100101001010101111
011011001001010101111
011101001001010101111
011110001001010101111
011001110001010101111
011010110001010101111
011100110001010101111
011011010001010101111
011101010001010101111
011110010001010101111
011000011110010101111
011000101110010101111
011001001110010101111
011010001110010101111
011100001110010101111
011000110110010101111
011001010110010101111
011010010110010101111
011100010110010101111
011001100110010101111
011010100110010101111
011100100110010101111
011011000110010101111
011101000110010101111
011110000110010101111
011000111010010101111
011001011010010101111
011010011010010101111
011100011010010101111
011001101010010101111
011010101010010101111
011100101010010101111
011011001010010101111
011101001010010101111
011110001010010101111
011001110010010101111
011010110010010101111
011100110010010101111
011011010010010101111
011101010010010101111
011110010010010101111
011000111100010101111
011001011100010101111
011010011100010101111
011100011100010101111
011001101100010101111
011010101100010101111
011100101100010101111
011011001100010101111
011101001100010101111
011110001100010101111
011001110100010101111
011010110100010101111
011100110100010101111
011011010100010101111
011101010100010101111
011110010100010101111
011001111000010101111
011010111000010101111
011100111000010101111
011011011000010101111
011101011000010101111
011110011000010101111
011000011011100101111
011000101011100101111
011001001011100101111
011010001011100101111
011100001011100101111
011000110011100101111
011001010011100101111
011010010011100101111
011100010011100101111
011001100011100101111
011010100011100101111
011100100011100101111
011011000011100101111
011101000011100101111
011110000011100101111
011000011101100101111
011000101101100101111
011001001101100101111
011010001101100101111
011100001101100101111
011000110101100101111
011001010101100101111
011010010101100101111
011100010101100101111
011001100101100101111
011010100101100101111
011100100101100101111
011011000101100101111
011101000101100101111
011110000101100101111
011000111001100101111
011001011001100101111
011010011001100101111
011100011001100101111
011001101001100101111
011010101001100101111
011100101001100101111
011011001001100101111
011101001001100101111
011110001001100101111
011001110001100101111
011010110001100101111
011100110001100101111
011011010001100101111
011101010001100101111
011110010001100101111
011000011110100101111
011000101110100101111
011001001110100101111
011010001110100101111
011100001110100101111
011000110110100101111
011001010110100101111
011010010110100101111
011100010110100101111
011001100110100101111
011010100110100101111
011100100110100101111
011011000110100101111
011101000110100101111
011110000110100101111
011000111010100101111
011001011010100101111
011010011010100101111
011100011010100101111
011001101010100101111
011010101010100101111
011100101010100101111
011011001010100101111
011101001010100101111
011110001010100101111
011001110010100101111
011010110010100101111
011100110010100101111
011011010010100101111
011101010010100101111
011110010010100101111
011000111100100101111
011001011100100101111
011010011100100101111
011100011100100101111
011001101100100101111
011010101100100101111
011100101100100101111
011011001100100101111
011101001100100101111
011110001100100101111
011001110100100101111
011010110100100101111
011100110100100101111
011011010100100101111
011101010100100101111
011110010100100101111
011001111000100101111
011010111000100101111
011100111000100101111
011011011000100101111
011101011000100101111
011110011000100101111
011000011111000101111
011000101111000101111
011001001111000101111
011010001111000101111
011100001111000101111
011000110111000101111
011001010111000101111
011010010111000101111
011100010111000101111
011001100111000101111
011010100111000101111
011100100111000101111
011011000111000101111
011101000111000101111
011110000111000101111
011000111011000101111
011001011011000101111
011010011011000101111
011100011011000101111
011001101011000101111
011010101011000101111
011100101011000101111
011011001011000101111
011101001011000101111
011110001011000101111
011001110011000101111
011010110011000101111
011100110011000101111
011011010011000101111
011101010011000101111
011110010011000101111
011000111101000101111
011001011101000101111
011010011101000101111
011100011101000101111
011001101101000101111
011010101101000101111
011100101101000101111
011011001101000101111
011101001101000101111
011110001101000101111
011001110101000101111
011010110101000101111
011100110101000101111
011011010101000101111
011101010101000101111
011110010101000101111
011001111001000101111
011010111001000101111
011100111001000101111
011011011001000101111
011101011001000101111
011110011001000101111
011000011001111001111
011000101001111001111
011001001001111001111
011010001001111001111
011100001001111001111
011000110001111001111
011001010001111001111
011010010001111001111
011100010001111001111
011001100001111001111
011010100001111001111
011100100001111001111
011011000001111001111
011101000001111001111
011110000001111001111
011000011010111001111
011000101010111001111
011001001010111001111
011010001010111001111
011100001010111001111
011000110010111001111
011001010010111001111
011010010010111001111
011100010010111001111
011001100010111001111
011010100010111001111
011100100010111001111
011011000010111001111
011101000010111001111
011110000010111001111
011000011100111001111
011000101100111001111
011001001100111001111
011010001100111001111
011100001100111001111
011000110100111001111
011001010100111001111
011010010100111001111
011100010100111001111
011001100100111001111
011010100100111001111
011100100100111001111
011011000100111001111
011101000100111001111
011110000100111001111
011000111000111001111
011001011000111001111
011010011000111001111
011100011000111001111
011001101000111001111
011010101000111001111
011100101000111001111
011011001000111001111
011101001000111001111
011110001000111001111
011001110000111001111
011010110000111001111
011100110000111001111
011011010000111001111
011101010000111001111
011110010000111001111
011000011011011001111
011000101011011001111
011001001011011001111
011010001011011001111
011100001011011001111
011000110011011001111
011001010011011001111
011010010011011001111
011100010011011001111
011001100011011001111
011010100011011001111
011100100011011001111
011011000011011001111
011101000011011001111
011110000011011001111
011000011101011001111
011000101101011001111
011001001101011001111
011010001101011001111
011100001101011001111
011000110101011001111
011001010101011001111
011010010101011001111
011100010101011001111
011001100101011001111
011010100101011001111
011100100101011001111
011011000101011001111
011101000101011001111
011110000101011001111
011000111001011001111
011001011001011001111
011010011001011001111
011100011001011001111
011001101001011001111
011010101001011001111
011100101001011001111
011011001001011001111
011101001001011001111
011110001001011001111
011001110001011001111
011010110001011001111
011100110001011001111
011011010001011001111
011101010001011001111
011110010001011001111
011000011110011001111
011000101110011001111
011001001110011001111
011010001110011001111
011100001110011001111
011000110110011001111
011001010110011001111
011010010110011001111
011100010110011001111
011001100110011001111
011010100110011001111
011100100110011001111
011011000110011001111
011101000110011001111
011110000110011001111
011000111010011001111
011001011010011001111
011010011010011001111
011100011010011001111
011001101010011001111
011010101010011001111
011100101010011001111
011011001010011001111
011101001010011001111
011110001010011001111
011001110010011001111
011010110010011001111
011100110010011001111
011011010010011001111
011101010010011001111
011110010010011001111
011000111100011001111
011001011100011001111
011010011100011001111
011100011100011001111
011001101100011001111
011010101100011001111
011100101100011001111
011011001100011001111
011101001100011001111
011110001100011001111
011001110100011001111
011010110100011001111
011100110100011001111
011011010100011001111
011101010100011001111
011110010100011001111
011001111000011001111
011010111000011001111
011100111000011001111
011011011000011001111
011101011000011001111
011110011000011001111
011000011011101001111
011000101011101001111
011001001011101001111
011010001011101001111
011100001011101001111
011000110011101001111
011001010011101001111
011010010011101001111
011100010011101001111
011001100011101001111
011010100011101001111
011100100011101001111
011011000011101001111
011101000011101001111
011110000011101001111
011010010101101001111
011100010101101001111
