001010101011111111
010010101011111111
001100101011111111
010100101011111111
011000101011111111
001011001011111111
010011001011111111
001101001011111111
010101001011111111
011001001011111111
001110001011111111
010110001011111111
011010001011111111
001010110011111111
010010110011111111
001100110011111111
010100110011111111
011000110011111111
001011010011111111
010011010011111111
001101010011111111
010101010011111111
011001010011111111
001110010011111111
010110010011111111
011010010011111111
001011100011111111
010011100011111111
001101100011111111
010101100011111111
011001100011111111
001110100011111111
010110100011111111
011010100011111111
001111000011111111
010111000011111111
011011000011111111
001010101101111111
010010101101111111
001100101101111111
010100101101111111
011000101101111111
001011001101111111
010011001101111111
001101001101111111
010101001101111111
011001001101111111
001110001101111111
010110001101111111
011010001101111111
001010110101111111
010010110101111111
001100110101111111
010100110101111111
011000110101111111
001011010101111111
010011010101111111
001101010101111111
010101010101111111
011001010101111111
001110010101111111
010110010101111111
011010010101111111
001011100101111111
010011100101111111
001101100101111111
010101100101111111
011001100101111111
001110100101111111
010110100101111111
011010100101111111
001111000101111111
010111000101111111
011011000101111111
001010111001111111
010010111001111111
001100111001111111
010100111001111111
011000111001111111
001011011001111111
010011011001111111
001101011001111111
010101011001111111
011001011001111111
001110011001111111
010110011001111111
011010011001111111
001011101001111111
010011101001111111
001101101001111111
010101101001111111
011001101001111111
001110101001111111
010110101001111111
011010101001111111
001111001001111111
010111001001111111
011011001001111111
001011110001111111
010011110001111111
001101110001111111
010101110001111111
011001110001111111
001110110001111111
010110110001111111
011010110001111111
001111010001111111
010111010001111111
011011010001111111
001010101110111111
010010101110111111
001100101110111111
010100101110111111
011000101110111111
001011001110111111
010011001110111111
001101001110111111
010101001110111111
011001001110111111
001110001110111111
010110001110111111
011010001110111111
001010110110111111
010010110110111111
001100110110111111
010100110110111111
011000110110111111
001011010110111111
010011010110111111
001101010110111111
010101010110111111
011001010110111111
001110010110111111
010110010110111111
011010010110111111
001011100110111111
010011100110111111
001101100110111111
010101100110111111
011001100110111111
001110100110111111
010110100110111111
011010100110111111
001111000110111111
010111000110111111
011011000110111111
001010111010111111
010010111010111111
001100111010111111
010100111010111111
011000111010111111
001011011010111111
010011011010111111
001101011010111111
010101011010111111
011001011010111111
001110011010111111
010110011010111111
011010011010111111
001011101010111111
010011101010111111
001101101010111111
010101101010111111
011001101010111111
001110101010111111
010110101010111111
011010101010111111
001111001010111111
010111001010111111
011011001010111111
001011110010111111
010011110010111111
001101110010111111
010101110010111111
011001110010111111
001110110010111111
010110110010111111
011010110010111111
001111010010111111
010111010010111111
011011010010111111
001010111100111111
010010111100111111
001100111100111111
010100111100111111
011000111100111111
001011011100111111
010011011100111111
001101011100111111
010101011100111111
011001011100111111
001110011100111111
010110011100111111
011010011100111111
001011101100111111
010011101100111111
001101101100111111
010101101100111111
011001101100111111
001110101100111111
010110101100111111
011010101100111111
001111001100111111
010111001100111111
011011001100111111
001011110100111111
010011110100111111
001101110100111111
010101110100111111
011001110100111111
001110110100111111
010110110100111111
011010110100111111
001111010100111111
010111010100111111
011011010100111111
001011111000111111
010011111000111111
001101111000111111
010101111000111111
011001111000111111
001110111000111111
010110111000111111
011010111000111111
001111011000111111
010111011000111111
011011011000111111
001010101111011111
010010101111011111
001100101111011111
010100101111011111
011000101111011111
001011001111011111
010011001111011111
001101001111011111
010101001111011111
011001001111011111
001110001111011111
010110001111011111
011010001111011111
001010110111011111
010010110111011111
001100110111011111
010100110111011111
011000110111011111
001011010111011111
010011010111011111
001101010111011111
010101010111011111
011001010111011111
001110010111011111
010110010111011111
011010010111011111
001011100111011111
010011100111011111
001101100111011111
010101100111011111
011001100111011111
001110100111011111
010110100111011111
011010100111011111
001111000111011111
010111000111011111
011011000111011111
001010111011011111
010010111011011111
001100111011011111
010100111011011111
011000111011011111
001011011011011111
010011011011011111
001101011011011111
010101011011011111
011001011011011111
001110011011011111
010110011011011111
011010011011011111
001011101011011111
010011101011011111
001101101011011111
010101101011011111
011001101011011111
001110101011011111
010110101011011111
011010101011011111
001111001011011111
010111001011011111
011011001011011111
001011110011011111
010011110011011111
001101110011011111
010101110011011111
011001110011011111
001110110011011111
010110110011011111
011010110011011111
001111010011011111
010111010011011111
011011010011011111
001010111101011111
010010111101011111
001100111101011111
010100111101011111
011000111101011111
001011011101011111
010011011101011111
001101011101011111
010101011101011111
011001011101011111
001110011101011111
010110011101011111
011010011101011111
001011101101011111
010011101101011111
001101101101011111
010101101101011111
011001101101011111
001110101101011111
010110101101011111
011010101101011111
001111001101011111
010111001101011111
011011001101011111
001011110101011111
010011110101011111
001101110101011111
010101110101011111
011001110101011111
001110110101011111
010110110101011111
011010110101011111
001111010101011111
010111010101011111
011011010101011111
001011111001011111
010011111001011111
001101111001011111
010101111001011111
011001111001011111
001110111001011111
010110111001011111
011010111001011111
001111011001011111
010111011001011111
011011011001011111
001010111110011111
010010111110011111
001100111110011111
010100111110011111
011000111110011111
001011011110011111
010011011110011111
001101011110011111
010101011110011111
011001011110011111
001110011110011111
010110011110011111
011010011110011111
001011101110011111
010011101110011111
001101101110011111
010101101110011111
011001101110011111
001110101110011111
010110101110011111
011010101110011111
001111001110011111
010111001110011111
011011001110011111
001011110110011111
010011110110011111
001101110110011111
010101110110011111
011001110110011111
001110110110011111
010110110110011111
011010110110011111
001111010110011111
010111010110011111
011011010110011111
001011111010011111
010011111010011111
001101111010011111
010101111010011111
011001111010011111
001110111010011111
010110111010011111
011010111010011111
001111011010011111
010111011010011111
011011011010011111
001010101111101111
010010101111101111
001100101111101111
010100101111101111
011000101111101111
001011001111101111
010011001111101111
001101001111101111
010101001111101111
011001001111101111
001110001111101111
010110001111101111
011010001111101111
001010110111101111
010010110111101111
001100110111101111
010100110111101111
011000110111101111
001011010111101111
010011010111101111
001101010111101111
010101010111101111
011001010111101111
001110010111101111
010110010111101111
011010010111101111
001011100111101111
010011100111101111
001101100111101111
010101100111101111
011001100111101111
001110100111101111
010110100111101111
011010100111101111
001111000111101111
010111000111101111
011011000111101111
001010111011101111
010010111011101111
001100111011101111
010100111011101111
011000111011101111
001011011011101111
010011011011101111
001101011011101111
010101011011101111
011001011011101111
001110011011101111
010110011011101111
011010011011101111
001011101011101111
010011101011101111
001101101011101111
010101101011101111
011001101011101111
001110101011101111
010110101011101111
011010101011101111
001111001011101111
010111001011101111
011011001011101111
001011110011101111
010011110011101111
001101110011101111
010101110011101111
011001110011101111
001110110011101111
010110110011101111
011010110011101111
001111010011101111
010111010011101111
011011010011101111
001010111101101111
010010111101101111
001100111101101111
010100111101101111
011000111101101111
001011011101101111
010011011101101111
001101011101101111
010101011101101111
011001011101101111
001110011101101111
010110011101101111
011010011101101111
001011101101101111
010011101101101111
001101101101101111
010101101101101111
011001101101101111
001110101101101111
010110101101101111
011010101101101111
001111001101101111
010111001101101111
011011001101101111
001011110101101111
010011110101101111
001101110101101111
010101110101101111
011001110101101111
001110110101101111
010110110101101111
011010110101101111
001111010101101111
010111010101101111
011011010101101111
001011111001101111
010011111001101111
001101111001101111
010101111001101111
011001111001101111
001110111001101111
010110111001101111
011010111001101111
001111011001101111
010111011001101111
011011011001101111
001010111110101111
010010111110101111
001100111110101111
010100111110101111
011000111110101111
001011011110101111
010011011110101111
001101011110101111
010101011110101111
011001011110101111
001110011110101111
010110011110101111
011010011110101111
001011101110101111
010011101110101111
001101101110101111
010101101110101111
011001101110101111
001110101110101111
010110101110101111
011010101110101111
001111001110101111
010111001110101111
011011001110101111
001011110110101111
010011110110101111
001101110110101111
010101110110101111
011001110110101111
001110110110101111
010110110110101111
011010110110101111
001111010110101111
010111010110101111
011011010110101111
001011111010101111
010011111010101111
001101111010101111
010101111010101111
011001111010101111
001110111010101111
010110111010101111
011010111010101111
001111011010101111
010111011010101111
011011011010101111
001010111111001111
010010111111001111
001100111111001111
010100111111001111
011000111111001111
001011011111001111
010011011111001111
001101011111001111
010101011111001111
011001011111001111
001110011111001111
010110011111001111
011010011111001111
001011101111001111
010011101111001111
001101101111001111
010101101111001111
011001101111001111
001110101111001111
010110101111001111
011010101111001111
001111001111001111
010111001111001111
011011001111001111
001011110111001111
010011110111001111
001101110111001111
010101110111001111
011001110111001111
001110110111001111
010110110111001111
011010110111001111
001111010111001111
010111010111001111
011011010111001111
001011111011001111
010011111011001111
001101111011001111
010101111011001111
011001111011001111
001110111011001111
010110111011001111
011010111011001111
001111011011001111
010111011011001111
011011011011001111
001010101111110111
010010101111110111
001100101111110111
010100101111110111
011000101111110111
001011001111110111
010011001111110111
001101001111110111
010101001111110111
011001001111110111
001110001111110111
010110001111110111
011010001111110111
001010110111110111
010010110111110111
001100110111110111
010100110111110111
011000110111110111
001011010111110111
010011010111110111
001101010111110111
010101010111110111
011001010111110111
001110010111110111
010110010111110111
011010010111110111
001011100111110111
010011100111110111
001101100111110111
010101100111110111
011001100111110111
001110100111110111
010110100111110111
011010100111110111
001111000111110111
010111000111110111
011011000111110111
001010111011110111
010010111011110111
001100111011110111
010100111011110111
011000111011110111
001011011011110111
010011011011110111
001101011011110111
010101011011110111
011001011011110111
001110011011110111
010110011011110111
011010011011110111
001011101011110111
010011101011110111
001101101011110111
010101101011110111
011001101011110111
001110101011110111
010110101011110111
011010101011110111
001111001011110111
010111001011110111
011011001011110111
001011110011110111
010011110011110111
001101110011110111
010101110011110111
011001110011110111
001110110011110111
010110110011110111
011010110011110111
001111010011110111
010111010011110111
011011010011110111
001010111101110111
010010111101110111
001100111101110111
010100111101110111
011000111101110111
001011011101110111
010011011101110111
001101011101110111
010101011101110111
011001011101110111
001110011101110111
010110011101110111
011010011101110111
001011101101110111
010011101101110111
001101101101110111
010101101101110111
011001101101110111
001110101101110111
010110101101110111
011010101101110111
001111001101110111
010111001101110111
011011001101110111
001011110101110111
010011110101110111
001101110101110111
010101110101110111
011001110101110111
001110110101110111
010110110101110111
011010110101110111
001111010101110111
010111010101110111
011011010101110111
001011111001110111
010011111001110111
001101111001110111
010101111001110111
011001111001110111
001110111001110111
010110111001110111
011010111001110111
001111011001110111
010111011001110111
011011011001110111
001010111110110111
010010111110110111
001100111110110111
010100111110110111
011000111110110111
001011011110110111
010011011110110111
001101011110110111
010101011110110111
011001011110110111
001110011110110111
010110011110110111
011010011110110111
001011101110110111
010011101110110111
001101101110110111
010101101110110111
011001101110110111
001110101110110111
010110101110110111
011010101110110111
001111001110110111
010111001110110111
011011001110110111
001011110110110111
010011110110110111
001101110110110111
010101110110110111
011001110110110111
001110110110110111
010110110110110111
011010110110110111
001111010110110111
010111010110110111
011011010110110111
001011111010110111
010011111010110111
001101111010110111
010101111010110111
011001111010110111
001110111010110111
010110111010110111
011010111010110111
001111011010110111
010111011010110111
011011011010110111
001010111111010111
010010111111010111
001100111111010111
010100111111010111
011000111111010111
001011011111010111
010011011111010111
001101011111010111
010101011111010111
011001011111010111
001110011111010111
010110011111010111
011010011111010111
001011101111010111
010011101111010111
001101101111010111
010101101111010111
011001101111010111
001110101111010111
010110101111010111
011010101111010111
001111001111010111
010111001111010111
011011001111010111
001011110111010111
010011110111010111
001101110111010111
010101110111010111
011001110111010111
001110110111010111
010110110111010111
011010110111010111
001111010111010111
010111010111010111
011011010111010111
