010101101011111111
011001101011111111
010110101011111111
011010101011111111
101010101011111111
110010101011111111
011100101011111111
101100101011111111
110100101011111111
111000101011111111
010111001011111111
011011001011111111
101011001011111111
110011001011111111
011101001011111111
101101001011111111
110101001011111111
111001001011111111
011110001011111111
101110001011111111
110110001011111111
111010001011111111
010101110011111111
011001110011111111
010110110011111111
011010110011111111
101010110011111111
110010110011111111
011100110011111111
101100110011111111
110100110011111111
111000110011111111
010111010011111111
011011010011111111
101011010011111111
110011010011111111
011101010011111111
101101010011111111
110101010011111111
111001010011111111
011110010011111111
101110010011111111
110110010011111111
111010010011111111
010111100011111111
011011100011111111
101011100011111111
110011100011111111
011101100011111111
101101100011111111
110101100011111111
111001100011111111
011110100011111111
101110100011111111
110110100011111111
111010100011111111
011111000011111111
101111000011111111
110111000011111111
111011000011111111
010101101101111111
011001101101111111
010110101101111111
011010101101111111
101010101101111111
110010101101111111
011100101101111111
101100101101111111
110100101101111111
111000101101111111
010111001101111111
011011001101111111
101011001101111111
110011001101111111
011101001101111111
101101001101111111
110101001101111111
111001001101111111
011110001101111111
101110001101111111
110110001101111111
111010001101111111
010101110101111111
011001110101111111
010110110101111111
011010110101111111
101010110101111111
110010110101111111
011100110101111111
101100110101111111
110100110101111111
111000110101111111
010111010101111111
011011010101111111
101011010101111111
110011010101111111
011101010101111111
101101010101111111
110101010101111111
111001010101111111
011110010101111111
101110010101111111
110110010101111111
111010010101111111
010111100101111111
011011100101111111
101011100101111111
110011100101111111
011101100101111111
101101100101111111
110101100101111111
111001100101111111
011110100101111111
101110100101111111
110110100101111111
111010100101111111
011111000101111111
101111000101111111
110111000101111111
111011000101111111
010101111001111111
011001111001111111
010110111001111111
011010111001111111
101010111001111111
110010111001111111
011100111001111111
101100111001111111
110100111001111111
111000111001111111
010111011001111111
011011011001111111
101011011001111111
110011011001111111
011101011001111111
101101011001111111
110101011001111111
111001011001111111
011110011001111111
101110011001111111
110110011001111111
111010011001111111
010111101001111111
011011101001111111
101011101001111111
110011101001111111
011101101001111111
101101101001111111
110101101001111111
111001101001111111
011110101001111111
101110101001111111
110110101001111111
111010101001111111
011111001001111111
101111001001111111
110111001001111111
111011001001111111
010111110001111111
011011110001111111
101011110001111111
110011110001111111
011101110001111111
101101110001111111
110101110001111111
111001110001111111
011110110001111111
101110110001111111
110110110001111111
111010110001111111
011111010001111111
101111010001111111
110111010001111111
111011010001111111
010101101110111111
011001101110111111
010110101110111111
011010101110111111
101010101110111111
110010101110111111
011100101110111111
101100101110111111
110100101110111111
111000101110111111
010111001110111111
011011001110111111
101011001110111111
110011001110111111
011101001110111111
101101001110111111
110101001110111111
111001001110111111
011110001110111111
101110001110111111
110110001110111111
111010001110111111
010101110110111111
011001110110111111
010110110110111111
011010110110111111
101010110110111111
110010110110111111
011100110110111111
101100110110111111
110100110110111111
111000110110111111
010111010110111111
011011010110111111
101011010110111111
110011010110111111
011101010110111111
101101010110111111
110101010110111111
111001010110111111
011110010110111111
101110010110111111
110110010110111111
111010010110111111
010111100110111111
011011100110111111
101011100110111111
110011100110111111
011101100110111111
101101100110111111
110101100110111111
111001100110111111
011110100110111111
101110100110111111
110110100110111111
111010100110111111
011111000110111111
101111000110111111
110111000110111111
111011000110111111
010101111010111111
011001111010111111
010110111010111111
011010111010111111
101010111010111111
110010111010111111
011100111010111111
101100111010111111
110100111010111111
111000111010111111
010111011010111111
011011011010111111
101011011010111111
110011011010111111
011101011010111111
101101011010111111
110101011010111111
111001011010111111
011110011010111111
101110011010111111
110110011010111111
111010011010111111
010111101010111111
011011101010111111
101011101010111111
110011101010111111
011101101010111111
101101101010111111
110101101010111111
111001101010111111
011110101010111111
101110101010111111
110110101010111111
111010101010111111
011111001010111111
101111001010111111
110111001010111111
111011001010111111
010111110010111111
011011110010111111
101011110010111111
110011110010111111
011101110010111111
101101110010111111
110101110010111111
111001110010111111
011110110010111111
101110110010111111
110110110010111111
111010110010111111
011111010010111111
101111010010111111
110111010010111111
111011010010111111
010110111100111111
011010111100111111
101010111100111111
110010111100111111
011100111100111111
101100111100111111
110100111100111111
111000111100111111
010111011100111111
011011011100111111
101011011100111111
110011011100111111
011101011100111111
101101011100111111
110101011100111111
111001011100111111
011110011100111111
101110011100111111
110110011100111111
111010011100111111
010111101100111111
011011101100111111
101011101100111111
110011101100111111
011101101100111111
101101101100111111
110101101100111111
111001101100111111
011110101100111111
101110101100111111
110110101100111111
111010101100111111
011111001100111111
101111001100111111
110111001100111111
111011001100111111
010111110100111111
011011110100111111
101011110100111111
110011110100111111
011101110100111111
101101110100111111
110101110100111111
111001110100111111
011110110100111111
101110110100111111
110110110100111111
111010110100111111
011111010100111111
101111010100111111
110111010100111111
111011010100111111
011011111000111111
101011111000111111
110011111000111111
011101111000111111
101101111000111111
110101111000111111
111001111000111111
011110111000111111
101110111000111111
110110111000111111
111010111000111111
011111011000111111
101111011000111111
110111011000111111
111011011000111111
010101101111011111
011001101111011111
010110101111011111
011010101111011111
101010101111011111
110010101111011111
011100101111011111
101100101111011111
110100101111011111
111000101111011111
010111001111011111
011011001111011111
101011001111011111
110011001111011111
011101001111011111
101101001111011111
110101001111011111
111001001111011111
011110001111011111
101110001111011111
110110001111011111
111010001111011111
010101110111011111
011001110111011111
010110110111011111
011010110111011111
101010110111011111
110010110111011111
011100110111011111
101100110111011111
110100110111011111
111000110111011111
010111010111011111
011011010111011111
101011010111011111
110011010111011111
011101010111011111
101101010111011111
110101010111011111
111001010111011111
011110010111011111
101110010111011111
110110010111011111
111010010111011111
010111100111011111
011011100111011111
101011100111011111
110011100111011111
011101100111011111
101101100111011111
110101100111011111
111001100111011111
011110100111011111
101110100111011111
110110100111011111
111010100111011111
011111000111011111
101111000111011111
110111000111011111
111011000111011111
010101111011011111
011001111011011111
010110111011011111
011010111011011111
101010111011011111
110010111011011111
011100111011011111
101100111011011111
110100111011011111
111000111011011111
010111011011011111
011011011011011111
101011011011011111
110011011011011111
011101011011011111
101101011011011111
110101011011011111
111001011011011111
011110011011011111
101110011011011111
110110011011011111
111010011011011111
010111101011011111
011011101011011111
101011101011011111
110011101011011111
011101101011011111
101101101011011111
110101101011011111
111001101011011111
011110101011011111
101110101011011111
110110101011011111
111010101011011111
011111001011011111
101111001011011111
110111001011011111
111011001011011111
010111110011011111
011011110011011111
101011110011011111
110011110011011111
011101110011011111
101101110011011111
110101110011011111
111001110011011111
011110110011011111
101110110011011111
110110110011011111
111010110011011111
011111010011011111
101111010011011111
110111010011011111
111011010011011111
010110111101011111
011010111101011111
101010111101011111
110010111101011111
011100111101011111
101100111101011111
110100111101011111
111000111101011111
010111011101011111
011011011101011111
101011011101011111
110011011101011111
011101011101011111
101101011101011111
110101011101011111
111001011101011111
011110011101011111
101110011101011111
110110011101011111
111010011101011111
010111101101011111
011011101101011111
101011101101011111
110011101101011111
011101101101011111
101101101101011111
110101101101011111
111001101101011111
011110101101011111
101110101101011111
110110101101011111
111010101101011111
011111001101011111
101111001101011111
110111001101011111
111011001101011111
010111110101011111
011011110101011111
101011110101011111
110011110101011111
011101110101011111
101101110101011111
110101110101011111
111001110101011111
011110110101011111
101110110101011111
110110110101011111
111010110101011111
011111010101011111
101111010101011111
110111010101011111
111011010101011111
011011111001011111
101011111001011111
110011111001011111
011101111001011111
101101111001011111
110101111001011111
111001111001011111
011110111001011111
101110111001011111
110110111001011111
111010111001011111
011111011001011111
101111011001011111
110111011001011111
111011011001011111
010110111110011111
011010111110011111
101010111110011111
110010111110011111
011100111110011111
101100111110011111
110100111110011111
111000111110011111
010111011110011111
011011011110011111
101011011110011111
110011011110011111
011101011110011111
101101011110011111
110101011110011111
111001011110011111
011110011110011111
101110011110011111
110110011110011111
111010011110011111
010111101110011111
011011101110011111
101011101110011111
110011101110011111
011101101110011111
101101101110011111
110101101110011111
111001101110011111
011110101110011111
101110101110011111
110110101110011111
111010101110011111
011111001110011111
101111001110011111
110111001110011111
111011001110011111
010111110110011111
011011110110011111
101011110110011111
110011110110011111
011101110110011111
101101110110011111
110101110110011111
111001110110011111
011110110110011111
101110110110011111
110110110110011111
111010110110011111
011111010110011111
101111010110011111
110111010110011111
111011010110011111
011011111010011111
101011111010011111
110011111010011111
011101111010011111
101101111010011111
110101111010011111
111001111010011111
011110111010011111
101110111010011111
110110111010011111
111010111010011111
011111011010011111
101111011010011111
110111011010011111
111011011010011111
010110101111101111
011010101111101111
101010101111101111
110010101111101111
011100101111101111
101100101111101111
110100101111101111
111000101111101111
010111001111101111
011011001111101111
101011001111101111
110011001111101111
011101001111101111
101101001111101111
110101001111101111
111001001111101111
011110001111101111
101110001111101111
110110001111101111
111010001111101111
010110110111101111
011010110111101111
101010110111101111
110010110111101111
011100110111101111
101100110111101111
110100110111101111
111000110111101111
010111010111101111
011011010111101111
101011010111101111
110011010111101111
011101010111101111
101101010111101111
110101010111101111
111001010111101111
011110010111101111
101110010111101111
110110010111101111
111010010111101111
010111100111101111
011011100111101111
101011100111101111
110011100111101111
011101100111101111
101101100111101111
110101100111101111
111001100111101111
011110100111101111
101110100111101111
110110100111101111
111010100111101111
011111000111101111
101111000111101111
110111000111101111
111011000111101111
010110111011101111
011010111011101111
101010111011101111
110010111011101111
011100111011101111
101100111011101111
110100111011101111
111000111011101111
010111011011101111
011011011011101111
101011011011101111
110011011011101111
011101011011101111
101101011011101111
110101011011101111
111001011011101111
011110011011101111
101110011011101111
110110011011101111
111010011011101111
010111101011101111
011011101011101111
101011101011101111
110011101011101111
011101101011101111
101101101011101111
110101101011101111
111001101011101111
011110101011101111
101110101011101111
110110101011101111
111010101011101111
011111001011101111
101111001011101111
110111001011101111
111011001011101111
010111110011101111
011011110011101111
101011110011101111
110011110011101111
011101110011101111
101101110011101111
110101110011101111
111001110011101111
011110110011101111
101110110011101111
110110110011101111
111010110011101111
011111010011101111
101111010011101111
110111010011101111
111011010011101111
010110111101101111
011010111101101111
101010111101101111
110010111101101111
011100111101101111
101100111101101111
110100111101101111
111000111101101111
010111011101101111
011011011101101111
101011011101101111
110011011101101111
011101011101101111
101101011101101111
110101011101101111
111001011101101111
011110011101101111
101110011101101111
110110011101101111
111010011101101111
010111101101101111
011011101101101111
101011101101101111
110011101101101111
011101101101101111
101101101101101111
110101101101101111
111001101101101111
011110101101101111
101110101101101111
110110101101101111
111010101101101111
011111001101101111
101111001101101111
110111001101101111
111011001101101111
010111110101101111
011011110101101111
101011110101101111
110011110101101111
011101110101101111
101101110101101111
110101110101101111
111001110101101111
011110110101101111
101110110101101111
110110110101101111
111010110101101111
011111010101101111
101111010101101111
110111010101101111
111011010101101111
011011111001101111
101011111001101111
110011111001101111
011101111001101111
101101111001101111
110101111001101111
111001111001101111
011110111001101111
101110111001101111
110110111001101111
111010111001101111
011111011001101111
101111011001101111
110111011001101111
111011011001101111
010110111110101111
011010111110101111
101010111110101111
110010111110101111
011100111110101111
101100111110101111
110100111110101111
111000111110101111
010111011110101111
011011011110101111
101011011110101111
110011011110101111
011101011110101111
101101011110101111
110101011110101111
111001011110101111
011110011110101111
101110011110101111
110110011110101111
111010011110101111
010111101110101111
011011101110101111
101011101110101111
110011101110101111
011101101110101111
101101101110101111
110101101110101111
111001101110101111
011110101110101111
101110101110101111
110110101110101111
111010101110101111
011111001110101111
101111001110101111
110111001110101111
111011001110101111
010111110110101111
011011110110101111
101011110110101111
110011110110101111
011101110110101111
101101110110101111
110101110110101111
111001110110101111
011110110110101111
101110110110101111
110110110110101111
111010110110101111
011111010110101111
101111010110101111
110111010110101111
111011010110101111
011011111010101111
101011111010101111
110011111010101111
011101111010101111
101101111010101111
110101111010101111
111001111010101111
011110111010101111
101110111010101111
110110111010101111
111010111010101111
011111011010101111
101111011010101111
110111011010101111
111011011010101111
011010111111001111
101010111111001111
110010111111001111
011100111111001111
101100111111001111
110100111111001111
111000111111001111
011011011111001111
101011011111001111
110011011111001111
011101011111001111
101101011111001111
110101011111001111
111001011111001111
011110011111001111
101110011111001111
110110011111001111
111010011111001111
011011101111001111
101011101111001111
110011101111001111
011101101111001111
101101101111001111
110101101111001111
111001101111001111
011110101111001111
101110101111001111
110110101111001111
111010101111001111
011111001111001111
101111001111001111
110111001111001111
111011001111001111
011011110111001111
101011110111001111
110011110111001111
011101110111001111
101101110111001111
110101110111001111
111001110111001111
011110110111001111
101110110111001111
110110110111001111
111010110111001111
011111010111001111
101111010111001111
110111010111001111
111011010111001111
011011111011001111
101011111011001111
110011111011001111
011101111011001111
101101111011001111
110101111011001111
111001111011001111
011110111011001111
101110111011001111
110110111011001111
111010111011001111
011111011011001111
101111011011001111
110111011011001111
111011011011001111
010110101111110111
011010101111110111
101010101111110111
110010101111110111
011100101111110111
101100101111110111
110100101111110111
111000101111110111
010111001111110111
011011001111110111
101011001111110111
110011001111110111
011101001111110111
101101001111110111
110101001111110111
111001001111110111
011110001111110111
101110001111110111
110110001111110111
111010001111110111
010110110111110111
011010110111110111
101010110111110111
110010110111110111
011100110111110111
101100110111110111
110100110111110111
111000110111110111
010111010111110111
011011010111110111
101011010111110111
110011010111110111
011101010111110111
101101010111110111
110101010111110111
111001010111110111
011110010111110111
101110010111110111
110110010111110111
111010010111110111
010111100111110111
011011100111110111
101011100111110111
110011100111110111
011101100111110111
101101100111110111
110101100111110111
111001100111110111
011110100111110111
101110100111110111
110110100111110111
111010100111110111
011111000111110111
101111000111110111
110111000111110111
111011000111110111
010110111011110111
011010111011110111
101010111011110111
110010111011110111
011100111011110111
101100111011110111
110100111011110111
111000111011110111
010111011011110111
011011011011110111
101011011011110111
110011011011110111
011101011011110111
101101011011110111
110101011011110111
111001011011110111
011110011011110111
101110011011110111
110110011011110111
111010011011110111
010111101011110111
011011101011110111
101011101011110111
110011101011110111
011101101011110111
101101101011110111
110101101011110111
111001101011110111
011110101011110111
101110101011110111
110110101011110111
111010101011110111
011111001011110111
101111001011110111
110111001011110111
111011001011110111
011011110011110111
101011110011110111
110011110011110111
011101110011110111
101101110011110111
110101110011110111
111001110011110111
011110110011110111
101110110011110111
110110110011110111
111010110011110111
011111010011110111
101111010011110111
110111010011110111
111011010011110111
010110111101110111
011010111101110111
101010111101110111
110010111101110111
011100111101110111
101100111101110111
110100111101110111
111000111101110111
010111011101110111
011011011101110111
101011011101110111
110011011101110111
011101011101110111
101101011101110111
110101011101110111
111001011101110111
011110011101110111
101110011101110111
110110011101110111
111010011101110111
010111101101110111
011011101101110111
101011101101110111
110011101101110111
011101101101110111
101101101101110111
110101101101110111
111001101101110111
011110101101110111
101110101101110111
110110101101110111
111010101101110111
011111001101110111
101111001101110111
110111001101110111
111011001101110111
011011110101110111
101011110101110111
110011110101110111
011101110101110111
101101110101110111
110101110101110111
111001110101110111
011110110101110111
101110110101110111
110110110101110111
111010110101110111
011111010101110111
101111010101110111
110111010101110111
111011010101110111
011011111001110111
101011111001110111
110011111001110111
011101111001110111
101101111001110111
110101111001110111
111001111001110111
011110111001110111
101110111001110111
110110111001110111
111010111001110111
011111011001110111
101111011001110111
110111011001110111
111011011001110111
011010111110110111
101010111110110111
110010111110110111
011100111110110111
101100111110110111
110100111110110111
111000111110110111
011011011110110111
101011011110110111
110011011110110111
011101011110110111
101101011110110111
110101011110110111
111001011110110111
011110011110110111
101110011110110111
110110011110110111
111010011110110111
011011101110110111
101011101110110111
110011101110110111
011101101110110111
101101101110110111
110101101110110111
111001101110110111
011110101110110111
101110101110110111
110110101110110111
111010101110110111
011111001110110111
101111001110110111
110111001110110111
111011001110110111
011011110110110111
101011110110110111
110011110110110111
011101110110110111
101101110110110111
110101110110110111
111001110110110111
011110110110110111
101110110110110111
110110110110110111
111010110110110111
011111010110110111
101111010110110111
110111010110110111
111011010110110111
011011111010110111
101011111010110111
110011111010110111
011101111010110111
101101111010110111
110101111010110111
111001111010110111
011110111010110111
101110111010110111
110110111010110111
111010111010110111
011111011010110111
101111011010110111
110111011010110111
111011011010110111
011010111111010111
101010111111010111
110010111111010111
011100111111010111
101100111111010111
110100111111010111
111000111111010111
011011011111010111
101011011111010111
110011011111010111
011101011111010111
101101011111010111
110101011111010111
111001011111010111
011110011111010111
101110011111010111
110110011111010111
111010011111010111
011011101111010111
101011101111010111
110011101111010111
011101101111010111
101101101111010111
110101101111010111
111001101111010111
011110101111010111
101110101111010111
110110101111010111
111010101111010111
011111001111010111
101111001111010111
110111001111010111
111011001111010111
011011110111010111
101011110111010111
110011110111010111
011101110111010111
101101110111010111
110101110111010111
111001110111010111
011110110111010111
101110110111010111
110110110111010111
111010110111010111
011111010111010111
101111010111010111
110111010111010111
111011010111010111
011011111011010111
101011111011010111
110011111011010111
011101111011010111
101101111011010111
110101111011010111
111001111011010111
101110111011010111
